 # step, time, energy, kin_ener, pot_ener
           0   0.0000000000000000       -2.0108412764020798E-003   0.0000000000000000       -2.0108412764020798E-003
           1   9.9999996527084551       -2.0108413191095844E-003   2.5485666529173834E-007  -2.0110961757748760E-003
           2   19.999999305416910       -2.0108414461057910E-003   1.0187456561542105E-006  -2.0118601917619452E-003
           3   29.999998958125367       -2.0108416540574139E-003   2.2896411649453573E-006  -2.0131312952223592E-003
           4   39.999998610833821       -2.0108419375586043E-003   4.0642235253881737E-006  -2.0149061610839924E-003
           5   49.999998263542281       -2.0108422893468795E-003   6.3379618951941320E-006  -2.0171802512420735E-003
           6   59.999997916250734       -2.0108427005890547E-003   9.1052254666202004E-006  -2.0199479260556751E-003
           7   69.999997568959188       -2.0108431612223298E-003   1.2359418950932883E-005  -2.0232025801732627E-003
           8   79.999997221667641       -2.0108436603333384E-003   1.6093137258590131E-005  -2.0269367975919283E-003
           9   89.999996874376095       -2.0108441865569798E-003   2.0298333725915207E-005  -2.0311425202828950E-003
          10   99.999996527084562       -2.0108447284768751E-003   2.4966495937532290E-005  -2.0358112244144074E-003
          11   109.99999617979302       -2.0108452750106070E-003   3.0088823160584899E-005  -2.0409340981711920E-003
          12   119.99999583250147       -2.0108458157650170E-003   3.5656399624169787E-005  -2.0465022153891869E-003
          13   129.99999548520992       -2.0108463413497164E-003   4.1660358314201441E-005  -2.0525066996639179E-003
          14   139.99999513791838       -2.0108468436402073E-003   4.8092030568599667E-005  -2.0589388742088071E-003
          15   149.99999479062683       -2.0108473159854341E-003   5.4943077502585993E-005  -2.0657903934880200E-003
          16   159.99999444333528       -2.0108477533578332E-003   6.2205600119136898E-005  -2.0730533534769700E-003
          17   169.99999409604374       -2.0108481524469483E-003   6.9872225816971362E-005  -2.0807203782639196E-003
          18   179.99999374875219       -2.0108485117000751E-003   7.7936169854211731E-005  -2.0887846815542867E-003
          19   189.99999340146064       -2.0108488313153551E-003   8.6391271123402138E-005  -2.0972401024387573E-003
          20   199.99999305416912       -2.0108491131939216E-003   9.5232002314723065E-005  -2.1060811155086448E-003
          21   209.99999270687758       -2.0108493608584038E-003   1.0445345516991834E-004  -2.1153028160283221E-003
          22   219.99999235958603       -2.0108495793451134E-003   1.1405130204955900E-004  -2.1249008813946724E-003
          23   229.99999201229448       -2.0108497750768849E-003   1.2402173544900352E-004  -2.1348715105258885E-003
          24   239.99999166500294       -2.0108499557227023E-003   1.3436138740909940E-004  -2.1452113431318018E-003
          25   249.99999131771139       -2.0108501300492043E-003   1.4506723098740620E-004  -2.1559173610366106E-003
          26   259.99999097041984       -2.0108503077678687E-003   1.5613646609982640E-004  -2.1669867738676953E-003
          27   269.99999062312827       -2.0108504993803507E-003   1.6756639212909971E-004  -2.1784168915094503E-003
          28   279.99999027583675       -2.0108507160230926E-003   1.7935426974508080E-004  -2.1902049857681735E-003
          29   289.99998992854518       -2.0108509693110301E-003   1.9149717441161883E-004  -2.2023481437226490E-003
          30   299.99998958125366       -2.0108512711790811E-003   2.0399184408470826E-004  -2.2148431152637892E-003
          31   309.99998923396208       -2.0108516337191545E-003   2.1683452365292365E-004  -2.2276861573720780E-003
          32   319.99998888667056       -2.0108520690096938E-003   2.3002080874764209E-004  -2.2408728777573361E-003
          33   329.99998853937899       -2.0108525889343887E-003   2.4354549166711922E-004  -2.2543980806015080E-003
          34   339.99998819208747       -2.0108532049866548E-003   2.5740241232040715E-004  -2.2682556173070621E-003
          35   349.99998784479590       -2.0108539280569195E-003   2.7158431730402833E-004  -2.2824382453609476E-003
          36   359.99998749750438       -2.0108547682007529E-003   2.8608273046910849E-004  -2.2969374986698612E-003
          37   369.99998715021280       -2.0108557343874955E-003   3.0088783860402190E-004  -2.3117435729915173E-003
          38   379.99998680292128       -2.0108568342314661E-003   3.1598839612255361E-004  -2.3268452303540198E-003
          39   389.99998645562971       -2.0108580737111486E-003   3.3137165287383188E-004  -2.3422297265849805E-003
          40   399.99998610833825       -2.0108594568860804E-003   3.4702330932854917E-004  -2.3578827662146295E-003
          41   409.99998576104667       -2.0108609856265189E-003   3.6292750338262549E-004  -2.3737884890091443E-003
          42   419.99998541375516       -2.0108626593775105E-003   3.7906683277565210E-004  -2.3899294921531627E-003
          43   429.99998506646358       -2.0108644749862988E-003   3.9542241655351443E-004  -2.4062868915398134E-003
          44   439.99998471917206       -2.0108664266302108E-003   4.1197399800613476E-004  -2.4228404246363455E-003
          45   449.99998437188049       -2.0108685058902792E-003   4.2870008996786130E-004  -2.4395685958581406E-003
          46   459.99998402458897       -2.0108707020234100E-003   4.4557816116548099E-004  -2.4564488631888910E-003
          47   469.99998367729739       -2.0108730024914687E-003   4.6258485933590017E-004  -2.4734578618273687E-003
          48   479.99998333000588       -2.0108753938077218E-003   4.7969626304189127E-004  -2.4905716568496129E-003
          49   489.99998298271430       -2.0108778627576569E-003   4.9688814947396502E-004  -2.5077660122316218E-003
          50   499.99998263542278       -2.0108803980400853E-003   5.1413626010620404E-004  -2.5250166581462894E-003
          51   509.99998228813121       -2.0108829923534298E-003   5.3141654005496434E-004  -2.5422995324083943E-003
          52   519.99998194083969       -2.0108856449192782E-003   5.4870532069838216E-004  -2.5595909656176601E-003
          53   529.99998159354811       -2.0108883643898405E-003   5.6597940904872088E-004  -2.5768677734385615E-003
          54   539.99998124625654       -2.0108911720283650E-003   5.8321604220724899E-004  -2.5941072142356141E-003
          55   549.99998089896508       -2.0108941049849136E-003   6.0039266181968222E-004  -2.6112867668045959E-003
          56   559.99998055167350       -2.0108972194199507E-003   6.1748646275894021E-004  -2.6283836821788908E-003
          57   569.99998020438193       -2.0109005931637936E-003   6.3447367329573946E-004  -2.6453742664595331E-003
          58   579.99997985709035       -2.0109043275527683E-003   6.5132853168503580E-004  -2.6622328592378042E-003
          59   589.99997950979889       -2.0109085480656593E-003   6.6802193704254195E-004  -2.6789304851082014E-003
          60   599.99997916250732       -2.0109134034085518E-003   6.8451977080850662E-004  -2.6954331742170584E-003
          61   609.99997881521574       -2.0109190627692107E-003   7.0078090858387548E-004  -2.7116999713530862E-003
          62   619.99997846792417       -2.0109257110818594E-003   7.1675496956356008E-004  -2.7276806806454195E-003
          63   629.99997812063270       -2.0109335422949636E-003   7.3237988040607976E-004  -2.7433134227010433E-003
          64   639.99997777334113       -2.0109427507883988E-003   7.4757935994861080E-004  -2.7585221107370096E-003
          65   649.99997742604955       -2.0109535211986877E-003   7.6226045847022875E-004  -2.7732139796689164E-003
          66   659.99997707875798       -2.0109660169296767E-003   7.7631130860341215E-004  -2.7872773255330891E-003
          67   669.99997673146652       -2.0109803675030843E-003   7.8959926420841652E-004  -2.8005796317115009E-003
          68   679.99997638417494       -2.0109966546123757E-003   8.0196962025436960E-004  -2.8129662748667453E-003
          69   689.99997603688337       -2.0110148963026768E-003   8.1324512499177885E-004  -2.8242600212944557E-003
          70   699.99997568959179       -2.0110350281960145E-003   8.2322652140927603E-004  -2.8342615496052903E-003
          71   709.99997534230033       -2.0110568802906882E-003   8.3169439472541361E-004  -2.8427512750161016E-003
          72   719.99997499500876       -2.0110801478578624E-003   8.3841266109802969E-004  -2.8494928089558922E-003
          73   729.99997464771718       -2.0111043556873625E-003   8.4313410860216041E-004  -2.8542384642895229E-003
          74   739.99997430042561       -2.0111288167713485E-003   8.4560848281703047E-004  -2.8567372995883791E-003
          75   749.99997395313414       -2.0111525897451204E-003   8.4559366821417687E-004  -2.8567462579592974E-003
          76   759.99997360584257       -2.0111744440564987E-003   8.4287050566735392E-004  -2.8540449497238525E-003
          77   769.99997325855099       -2.0111928474497429E-003   8.3726163949973339E-004  -2.8484544869494762E-003
          78   779.99997291125942       -2.0112059957360087E-003   8.2865442680616036E-004  -2.8398604225421693E-003
          79   789.99997256396796       -2.0112119078968711E-003   8.1702729623965868E-004  -2.8282392041365299E-003
          80   799.99997221667650       -2.0112086074433274E-003   8.0247797897681000E-004  -2.8136865864201374E-003
          81   809.99997186938481       -2.0111944005053823E-003   7.8525079491828433E-004  -2.7964451954236667E-003
          82   819.99997152209335       -2.0111682402258312E-003   7.6575882611655186E-004  -2.7769270663423832E-003
          83   829.99997117480177       -2.0111301363917337E-003   7.4459565648177716E-004  -2.7557257928735109E-003
          84   839.99997082751031       -2.0110815343488985E-003   7.2253084068558124E-004  -2.7336123750344799E-003
          85   849.99997048021862       -2.0110255591662706E-003   7.0048386969050278E-004  -2.7115094288567734E-003
          86   859.99997013292716       -2.0109670144557792E-003   6.7947349561243704E-004  -2.6904405100682165E-003
          87   869.99996978563559       -2.0109120530290335E-003   6.6054291828961272E-004  -2.6714549713186464E-003
          88   879.99996943834412       -2.0108675017025119E-003   6.4466608898400399E-004  -2.6555335906865160E-003
          89   889.99996909105244       -2.0108399120932026E-003   6.3264531042390255E-004  -2.6434852225171051E-003
          90   899.99996874376097       -2.0108344951918237E-003   6.2501414388329234E-004  -2.6358486390751158E-003
          91   909.99996839646940       -2.0108541473950864E-003   6.2196117871102469E-004  -2.6328153261061110E-003
          92   919.99996804917794       -2.0108987686063592E-003   6.2328879236637515E-004  -2.6341875609727345E-003
          93   929.99996770188625       -2.0109650113838179E-003   6.2841673316446276E-004  -2.6393817445482808E-003
          94   939.99996735459479       -2.0110465086634736E-003   6.3643405245641807E-004  -2.6474805611198917E-003
          95   949.99996700730321       -2.0111345396722634E-003   6.4619588021571533E-004  -2.6573304198879788E-003
          96   959.99996666001175       -2.0112190339430149E-003   6.5645503384217908E-004  -2.6676740677851942E-003
          97   969.99996631272006       -2.0112897876019254E-003   6.6601336456375865E-004  -2.6773031521656839E-003
          98   979.99996596542860       -2.0113377623897852E-003   6.7387451429746256E-004  -2.6852122766872480E-003
          99   989.99996561813703       -2.0113563362770979E-003   6.7937850760402979E-004  -2.6907348438811279E-003
         100   999.99996527084556       -2.0113423597978943E-003   6.8229941968240160E-004  -2.6936417794802959E-003
         101   1009.9999649235539       -2.0112968452462784E-003   6.8289046555475102E-004  -2.6941873108010297E-003
         102   1019.9999645762624       -2.0112250998397699E-003   6.8186657875335226E-004  -2.6930916785931221E-003
         103   1029.9999642289708       -2.0111361490437133E-003   6.8032299632765397E-004  -2.6914591453713671E-003
         104   1039.9999638816794       -2.0110414177577198E-003   6.7959888531021165E-004  -2.6906403030679316E-003
         105   1049.9999635343877       -2.0109528418606037E-003   6.8110578652040305E-004  -2.6920586283810067E-003
         106   1059.9999631870962       -2.0108808056053242E-003   6.8614869353691890E-004  -2.6970294991422433E-003
         107   1069.9999628398045       -2.0108324294701536E-003   6.9576987272474842E-004  -2.7066023021949021E-003
         108   1079.9999624925131       -2.0108106710776761E-003   7.1064039014714301E-004  -2.7214510612248192E-003
         109   1089.9999621452216       -2.0108144409407350E-003   7.3101270499260624E-004  -2.7418271459333414E-003
         110   1099.9999617979302       -2.0108395832846519E-003   7.5673325658926719E-004  -2.7675728398739189E-003
         111   1109.9999614506385       -2.0108802983582353E-003   7.8730155452310529E-004  -2.7981818528813405E-003
         112   1119.9999611033470       -2.0109305107427113E-003   8.2195567460569756E-004  -2.8328861853484091E-003
         113   1129.9999607560553       -2.0109848246695188E-003   8.5976435076530727E-004  -2.8707491754348261E-003
         114   1139.9999604087639       -2.0110389508731143E-003   8.9971128000242129E-004  -2.9107502308755358E-003
         115   1149.9999600614722       -2.0110897070152404E-003   9.4076454469367804E-004  -2.9518542517089183E-003
         116   1159.9999597141807       -2.0111347994713116E-003   9.8193017673380316E-004  -2.9930649762051147E-003
         117   1169.9999593668892       -2.0111725806489390E-003   1.0222922666964201E-003  -3.0334648473453588E-003
         118   1179.9999590195978       -2.0112018921243299E-003   1.0610427097677438E-003  -3.0722446018920735E-003
         119   1189.9999586723061       -2.0112220118587588E-003   1.0975027439906304E-003  -3.1087247558493889E-003
         120   1199.9999583250146       -2.0112326648523485E-003   1.1311371227139928E-003  -3.1423697875663415E-003
         121   1209.9999579777229       -2.0112340409658624E-003   1.1615609162507242E-003  -3.1727949572165869E-003
         122   1219.9999576304315       -2.0112267790179670E-003   1.1885388239406696E-003  -3.1997656029586364E-003
         123   1229.9999572831398       -2.0112119030314536E-003   1.2119773258214357E-003  -3.2231892288528893E-003
         124   1239.9999569358483       -2.0111907192168245E-003   1.2319106622951245E-003  -3.2431013815119487E-003
         125   1249.9999565885569       -2.0111646940290774E-003   1.2484821863142277E-003  -3.2596468803433049E-003
         126   1259.9999562412654       -2.0111353347363227E-003   1.2619229130884835E-003  -3.2730582478248064E-003
         127   1269.9999558939737       -2.0111040883842978E-003   1.2725290709943167E-003  -3.2836331593786147E-003
         128   1279.9999555466823       -2.0110722672639003E-003   1.2806402046505001E-003  -3.2917124719144004E-003
         129   1289.9999551993908       -2.0110410021149860E-003   1.2866190035935947E-003  -3.2976600057085807E-003
         130   1299.9999548520991       -2.0110112197549157E-003   1.2908336256126465E-003  -3.3018448453675624E-003
         131   1309.9999545048076       -2.0109836397185646E-003   1.2936429199472688E-003  -3.3046265596658334E-003
         132   1319.9999541575160       -2.0109587842496749E-003   1.2953846655957206E-003  -3.3063434498453955E-003
         133   1329.9999538102245       -2.0109369968080602E-003   1.2963667304962923E-003  -3.3073037273043527E-003
         134   1339.9999534629330       -2.0109184654767565E-003   1.2968609187193479E-003  -3.3077793841961045E-003
         135   1349.9999531156416       -2.0109032488158877E-003   1.2970991888023181E-003  -3.3080024376182056E-003
         136   1359.9999527683499       -2.0108913025911543E-003   1.2972718807443366E-003  -3.3081631833354907E-003
         137   1369.9999524210584       -2.0108825063523839E-003   1.2975275692015680E-003  -3.3084100755539519E-003
         138   1379.9999520737667       -2.0108766891050187E-003   1.2979741578130705E-003  -3.3088508469180889E-003
         139   1389.9999517264753       -2.0108736534021421E-003   1.2986808399730798E-003  -3.3095544933752219E-003
         140   1399.9999513791836       -2.0108731971850207E-003   1.2996805730195566E-003  -3.3105537702045771E-003
         141   1409.9999510318921       -2.0108751326884094E-003   1.3009727453026233E-003  -3.3118478779910324E-003
         142   1419.9999506846007       -2.0108793017392127E-003   1.3025257587883008E-003  -3.3134050605275133E-003
         143   1429.9999503373092       -2.0108855868154994E-003   1.3042793033574724E-003  -3.3151648901729720E-003
         144   1439.9999499900175       -2.0108939172737957E-003   1.3061461620921875E-003  -3.3170400793659832E-003
         145   1449.9999496427261       -2.0109042701613013E-003   1.3080134589088862E-003  -3.3189177290701877E-003
         146   1459.9999492954344       -2.0109166649725750E-003   1.3097433406606140E-003  -3.3206600056331888E-003
         147   1469.9999489481429       -2.0109311515688782E-003   1.3111731759302952E-003  -3.3221043274991734E-003
         148   1479.9999486008512       -2.0109477902606736E-003   1.3121154539159350E-003  -3.3230632441766084E-003
         149   1489.9999482535598       -2.0109666228073368E-003   1.3123576817284507E-003  -3.3233243045357875E-003
         150   1499.9999479062683       -2.0109876329156714E-003   1.3116627099062890E-003  -3.3226503428219604E-003
         151   1509.9999475589768       -2.0110106948977437E-003   1.3097700654112125E-003  -3.3207807603089562E-003
         152   1519.9999472116851       -2.0110355097532218E-003   1.3063990361592834E-003  -3.3174345459125051E-003
         153   1529.9999468643937       -2.0110615294578965E-003   1.3012544205369158E-003  -3.3123159499948121E-003
         154   1539.9999465171020       -2.0110878731561979E-003   1.2940360050234766E-003  -3.3051238781796745E-003
         155   1549.9999461698105       -2.0111132437846055E-003   1.2844529182858700E-003  -3.2955661620704757E-003
         156   1559.9999458225188       -2.0111358607394362E-003   1.2722439591162761E-003  -3.2833798198557123E-003
         157   1569.9999454752274       -2.0111534333380355E-003   1.2572047057730245E-003  -3.2683581391110598E-003
         158   1579.9999451279359       -2.0111632096383100E-003   1.2392215574007451E-003  -3.2503847670390554E-003
         159   1589.9999447806442       -2.0111621423918695E-003   1.2183117027905227E-003  -3.2294738451823925E-003
         160   1599.9999444333530       -2.0111472127376630E-003   1.1946662730719182E-003  -3.2058134858095814E-003
         161   1609.9999440860613       -2.0111159347757568E-003   1.1686916587484908E-003  -3.1798075935242478E-003
         162   1619.9999437387696       -2.0110670226605662E-003   1.1410414435720957E-003  -3.1521084662326621E-003
         163   1629.9999433914779       -2.0110011339974543E-003   1.1126292526681025E-003  -3.1236303866655568E-003
         164   1639.9999430441867       -2.0109215197608435E-003   1.0846120060948674E-003  -3.0955335258557107E-003
         165   1649.9999426968950       -2.0108343414620942E-003   1.0583347642123986E-003  -3.0691691056744931E-003
         166   1659.9999423496035       -2.0107484073149159E-003   1.0352334424268844E-003  -3.0459818497418001E-003
         167   1669.9999420023119       -2.0106741752928450E-003   1.0167001581210830E-003  -3.0273743334139278E-003
         168   1679.9999416550206       -2.0106220818075704E-003   1.0039263805601514E-003  -3.0145484623677219E-003
         169   1689.9999413077289       -2.0106005245510532E-003   9.9774838361939918E-004  -3.0083489081704521E-003
         170   1699.9999409604372       -2.0106140387504698E-003   9.9852404091801852E-004  -3.0091380796684881E-003
         171   1709.9999406131456       -2.0106622313863670E-003   1.0060669496158915E-003  -3.0167291810022584E-003
         172   1719.9999402658543       -2.0107398265606681E-003   1.0196529882990125E-003  -3.0303928148596804E-003
         173   1729.9999399185626       -2.0108378025811718E-003   1.0380986699934616E-003  -3.0489364725746334E-003
         174   1739.9999395712712       -2.0109452383453835E-003   1.0598951644223604E-003  -3.0708404027677437E-003
         175   1749.9999392239795       -2.0110512983360892E-003   1.0833716301783707E-003  -3.0944229285144601E-003
         176   1759.9999388766882       -2.0111468343088014E-003   1.1068591800459625E-003  -3.1180060143547639E-003
         177   1769.9999385293966       -2.0112253051009846E-003   1.1288318558324165E-003  -3.1400571609334011E-003
         178   1779.9999381821049       -2.0112829845657983E-003   1.1480104347344358E-003  -3.1592934193002339E-003
         179   1789.9999378348132       -2.0113186278697898E-003   1.1634250244709375E-003  -3.1747436523407273E-003
         180   1799.9999374875219       -2.0113328497213859E-003   1.1744403627646808E-003  -3.1857732124860668E-003
         181   1809.9999371402303       -2.0113274491751262E-003   1.1807522184378440E-003  -3.1920796676129701E-003
         182   1819.9999367929388       -2.0113048405802575E-003   1.1823644330427987E-003  -3.1936692736230562E-003
         183   1829.9999364456471       -2.0112676643309650E-003   1.1795549207855595E-003  -3.1908225851165245E-003
         184   1839.9999360983559       -2.0112185822583222E-003   1.1728365517775004E-003  -3.1840551340358227E-003
         185   1849.9999357510642       -2.0111602201564691E-003   1.1629162736387832E-003  -3.1740764937952526E-003
         186   1859.9999354037725       -2.0110952015069215E-003   1.1506537182486075E-003  -3.1617489197555289E-003
         187   1869.9999350564808       -2.0110262148741592E-003   1.1370191934970894E-003  -3.1480454083712486E-003
         188   1879.9999347091896       -2.0109560658849697E-003   1.1230504238453872E-003  -3.1340064897303569E-003
         189   1889.9999343618979       -2.0108876785018739E-003   1.1098075722079279E-003  -3.1206952507098020E-003
         190   1899.9999340146064       -2.0108240268107520E-003   1.0983267560056346E-003  -3.1091507828163866E-003
         191   1909.9999336673147       -2.0107679961641868E-003   1.0895732240254164E-003  -3.1003412201896035E-003
         192   1919.9999333200235       -2.0107221896561783E-003   1.0843963319250628E-003  -3.0951185215812409E-003
         193   1929.9999329727318       -2.0106887103383611E-003   1.0834891951789917E-003  -3.0941779055173530E-003
         194   1939.9999326254401       -2.0106689585714741E-003   1.0873562030132055E-003  -3.0980251615846796E-003
         195   1949.9999322781489       -2.0106634849228321E-003   1.0962913202631176E-003  -3.1069548051859499E-003
         196   1959.9999319308572       -2.0106719309567938E-003   1.1103692758124945E-003  -3.1210412067692885E-003
         197   1969.9999315835655       -2.0106930743611982E-003   1.1294504544137221E-003  -3.1401435287749203E-003
         198   1979.9999312362741       -2.0107249748181340E-003   1.1531988003853529E-003  -3.1639237752034868E-003
         199   1989.9999308889826       -2.0107651980370983E-003   1.1811105903552536E-003  -3.1918757883923521E-003
         200   1999.9999305416911       -2.0108110822907141E-003   1.2125508055083039E-003  -3.2233618877990180E-003
         201   2009.9999301943994       -2.0108600074716051E-003   1.2467932163275366E-003  -3.2576532237991417E-003
         202   2019.9999298471078       -2.0109096311069956E-003   1.2830602468684052E-003  -3.2939698779754010E-003
         203   2029.9999294998165       -2.0109580664135636E-003   1.3205591509878722E-003  -3.3315172174014358E-003
         204   2039.9999291525248       -2.0110039905897924E-003   1.3585118612285440E-003  -3.3695158518183364E-003
         205   2049.9999288052331       -2.0110466835512771E-003   1.3961768774043493E-003  -3.4072235609556262E-003
         206   2059.9999284579417       -2.0110860058161519E-003   1.4328625751194831E-003  -3.4439485809356347E-003
         207   2069.9999281106502       -2.0111223283224480E-003   1.4679322111283313E-003  -3.4790545394507793E-003
         208   2079.9999277633588       -2.0111564269048388E-003   1.5008016210686793E-003  -3.5119580479735183E-003
         209   2089.9999274160668       -2.0111893509860918E-003   1.5309311426199329E-003  -3.5421204936060247E-003
         210   2099.9999270687754       -2.0112222710154054E-003   1.5578136951493384E-003  -3.5690359661647436E-003
         211   2109.9999267214839       -2.0112563035918508E-003   1.5809612735925131E-003  -3.5922175771843641E-003
         212   2119.9999263741925       -2.0112923083535103E-003   1.5998924455753760E-003  -3.6111847539288863E-003
         213   2129.9999260269010       -2.0113306481542607E-003   1.6141238405385997E-003  -3.6254544886928607E-003
         214   2139.9999256796091       -2.0113709059657761E-003   1.6231691161782552E-003  -3.6345400221440313E-003
         215   2149.9999253323181       -2.0114115614503231E-003   1.6265494413475025E-003  -3.6379610027978257E-003
         216   2159.9999249850262       -2.0114496512992422E-003   1.6238199936761835E-003  -3.6352696449754255E-003
         217   2169.9999246377347       -2.0114804742607725E-003   1.6146170148130811E-003  -3.6260974890738539E-003
         218   2179.9999242904432       -2.0114974555198411E-003   1.5987290591274292E-003  -3.6102265146472703E-003
         219   2189.9999239431518       -2.0114923485547152E-003   1.5761934569049089E-003  -3.5876858054596241E-003
         220   2199.9999235958603       -2.0114560018693636E-003   1.5474138439589601E-003  -3.5588698458283237E-003
         221   2209.9999232485684       -2.0113799050285727E-003   1.5132863179832816E-003  -3.5246662230118543E-003
         222   2219.9999229012769       -2.0112585845071789E-003   1.4753107701814653E-003  -3.4865693546886440E-003
         223   2229.9999225539855       -2.0110925863586031E-003   1.4356525043178116E-003  -3.4467450906764145E-003
         224   2239.9999222066940       -2.0108912800224838E-003   1.3971122604990492E-003  -3.4080035405215331E-003
         225   2249.9999218594021       -2.0106742304467806E-003   1.3629671207651024E-003  -3.3736413512118831E-003
         226   2259.9999215121106       -2.0104697812471841E-003   1.3366666797410081E-003  -3.3471364609881922E-003
         227   2269.9999211648192       -2.0103101535958153E-003   1.3214087973998239E-003  -3.3317189509956394E-003
         228   2279.9999208175277       -2.0102238310170236E-003   1.3196672463448419E-003  -3.3298910773618654E-003
         229   2289.9999204702362       -2.0102276523602820E-003   1.3327794502345418E-003  -3.3430071025948240E-003
         230   2299.9999201229443       -2.0103217831936660E-003   1.3607045840395916E-003  -3.3710263672332577E-003
         231   2309.9999197756533       -2.0104898041509375E-003   1.4020215014215204E-003  -3.4125113055724580E-003
         232   2319.9999194283614       -2.0107038788868764E-003   1.4541653003120681E-003  -3.4648691791989445E-003
         233   2329.9999190810699       -2.0109327104725098E-003   1.5138311867670198E-003  -3.5247638972395294E-003
         234   2339.9999187337785       -2.0111491119057215E-003   1.5774347160310001E-003  -3.5885838279367216E-003
         235   2349.9999183864870       -2.0113348037402207E-003   1.6415208727294274E-003  -3.6528556764696481E-003
         236   2359.9999180391956       -2.0114817118813341E-003   1.7030511957812340E-003  -3.7145329076625679E-003
         237   2369.9999176919036       -2.0115904850247857E-003   1.7595464260370475E-003  -3.7711369110618332E-003
         238   2379.9999173446122       -2.0116675860838307E-003   1.8091020165999455E-003  -3.8207696026837765E-003
         239   2389.9999169973207       -2.0117221879251161E-003   1.8503156935647310E-003  -3.8620378814898468E-003
         240   2399.9999166500293       -2.0117636094405264E-003   1.8821708465046397E-003  -3.8939344559451661E-003
         241   2409.9999163027373       -2.0117995284971448E-003   1.9039131633869981E-003  -3.9157126918841429E-003
         242   2419.9999159554459       -2.0118348858748068E-003   1.9149474703752151E-003  -3.9267823562500219E-003
         243   2429.9999156081544       -2.0118712702734392E-003   1.9147718865145035E-003  -3.9266431567879425E-003
         244   2439.9999152608630       -2.0119065948321930E-003   1.9029591405652407E-003  -3.9148657353974339E-003
         245   2449.9999149135715       -2.0119349776585157E-003   1.8791901149671632E-003  -3.8911250926256789E-003
         246   2459.9999145662796       -2.0119468772396452E-003   1.8433410322040574E-003  -3.8552879094437028E-003
         247   2469.9999142189886       -2.0119296757572782E-003   1.7956212710541284E-003  -3.8075509468114064E-003
         248   2479.9999138716967       -2.0118690107311854E-003   1.7367516504121000E-003  -3.7486206611432853E-003
         249   2489.9999135244052       -2.0117511646276253E-003   1.6681617875096430E-003  -3.6799129521372684E-003
         250   2499.9999131771137       -2.0115666419306543E-003   1.5921699913772620E-003  -3.6037366333079163E-003
         251   2509.9999128298223       -2.0113146104859050E-003   1.5120930255835415E-003  -3.5234076360694468E-003
         252   2519.9999124825308       -2.0110071745928835E-003   1.4322226477744078E-003  -3.4432298223672914E-003
         253   2529.9999121352389       -2.0106717190750602E-003   1.3576109687266082E-003  -3.3682826878016687E-003
         254   2539.9999117879474       -2.0103493220221145E-003   1.2936367671139753E-003  -3.3039860891360896E-003
         255   2549.9999114406560       -2.0100880528101401E-003   1.2453819046622759E-003  -3.2554699574724160E-003
         256   2559.9999110933645       -2.0099319940849619E-003   1.2169182127297019E-003  -3.2268502068146638E-003
         257   2569.9999107460726       -2.0099092768995144E-003   1.2106624683626882E-003  -3.2205717452622024E-003
         258   2579.9999103987816       -2.0100237528903942E-003   1.2269678132223664E-003  -3.2369915661127607E-003
         259   2589.9999100514897       -2.0102538930886482E-003   1.2640675983635365E-003  -3.2743214914521847E-003
         260   2599.9999097041982       -2.0105593615015660E-003   1.3183870223664482E-003  -3.3289463838680139E-003
         261   2609.9999093569068       -2.0108923151405727E-003   1.3851312737146394E-003  -3.3960235888552122E-003
         262   2619.9999090096153       -2.0112088726978727E-003   1.4589917104236370E-003  -3.4702005831215100E-003
         263   2629.9999086623238       -2.0114770268819917E-003   1.5348063407581161E-003  -3.5462833676401075E-003
         264   2639.9999083150319       -2.0116795624813538E-003   1.6080577236403906E-003  -3.6197372861217444E-003
         265   2649.9999079677405       -2.0118127216377157E-003   1.6751603483710026E-003  -3.6869730700087181E-003
         266   2659.9999076204490       -2.0118824609578886E-003   1.7335505530632802E-003  -3.7454330140211686E-003
         267   2669.9999072731575       -2.0119001338263238E-003   1.7816286475464277E-003  -3.7935287813727512E-003
         268   2679.9999069258661       -2.0118788080531053E-003   1.8186138374750712E-003  -3.8304926455281765E-003
         269   2689.9999065785742       -2.0118307200808041E-003   1.8443655803358609E-003  -3.8561963004166652E-003
         270   2699.9999062312831       -2.0117658624231698E-003   1.8592098535035869E-003  -3.8709757159267567E-003
         271   2709.9999058839912       -2.0116914573962341E-003   1.8637928180380188E-003  -3.8754842754342529E-003
         272   2719.9999055366998       -2.0116120206833616E-003   1.8589713480309607E-003  -3.8705833687143225E-003
         273   2729.9999051894079       -2.0115297698381400E-003   1.8457409013021397E-003  -3.8572706711402795E-003
         274   2739.9999048421168       -2.0114452138251977E-003   1.8251957157956423E-003  -3.8366409296208400E-003
         275   2749.9999044948249       -2.0113578292414499E-003   1.7985132810391315E-003  -3.8098711102805814E-003
         276   2759.9999041475335       -2.0112667696734754E-003   1.7669535010096341E-003  -3.7782202706831097E-003
         277   2769.9999038002420       -2.0111715639026511E-003   1.7318623516352986E-003  -3.7430339155379499E-003
         278   2779.9999034529505       -2.0110727425344354E-003   1.6946699925449501E-003  -3.7057427350793855E-003
         279   2789.9999031056591       -2.0109723045330925E-003   1.6568744164807002E-003  -3.6678467210137927E-003
         280   2799.9999027583672       -2.0108739149278438E-003   1.6200041637847670E-003  -3.6308780787126108E-003
         281   2809.9999024110757       -2.0107827351954610E-003   1.5855576197804518E-003  -3.5963403549759128E-003
         282   2819.9999020637842       -2.0107048450441756E-003   1.5549217403962186E-003  -3.5656265854403942E-003
         283   2829.9999017164928       -2.0106463168981783E-003   1.5292788599414766E-003  -3.5399251768396551E-003
         284   2839.9999013692013       -2.0106121242469749E-003   1.5095150686296837E-003  -3.5201271928766587E-003
         285   2849.9999010219094       -2.0106051526097850E-003   1.4961458542638636E-003  -3.5067510068736486E-003
         286   2859.9999006746184       -2.0106255879833558E-003   1.4892731123853178E-003  -3.4998987003686736E-003
         287   2869.9999003273265       -2.0106708631472004E-003   1.4885822059556662E-003  -3.4992530691028666E-003
         288   2879.9998999800350       -2.0107361757249202E-003   1.4933798341094165E-003  -3.5041160098343367E-003
         289   2889.9998996327431       -2.0108154197765694E-003   1.5026653557349170E-003  -3.5134807755114864E-003
         290   2899.9998992854521       -2.0109022643216116E-003   1.5152222893374998E-003  -3.5261245536591115E-003
         291   2909.9998989381602       -2.0109911033456738E-003   1.5297144975723455E-003  -3.5407056009180192E-003
         292   2919.9998985908687       -2.0110776801526174E-003   1.5447732308552379E-003  -3.5558509110078552E-003
         293   2929.9998982435773       -2.0111593081018689E-003   1.5590657095744366E-003  -3.5702250176763055E-003
         294   2939.9998978962858       -2.0112347188779864E-003   1.5713416310293782E-003  -3.5825763499073644E-003
         295   2949.9998975489943       -2.0113036368758406E-003   1.5804593531134141E-003  -3.5917629899892547E-003
         296   2959.9998972017024       -2.0113661992489313E-003   1.5853975348198495E-003  -3.5967637340687808E-003
         297   2969.9998968544110       -2.0114223306072951E-003   1.5852603428654958E-003  -3.5966826734727909E-003
         298   2979.9998965071195       -2.0114711613752143E-003   1.5792850529367081E-003  -3.5907562143119224E-003
         299   2989.9998961598280       -2.0115105681971389E-003   1.5668602248369949E-003  -3.5783707930341340E-003
         300   2999.9998958125366       -2.0115369229620709E-003   1.5475607480166808E-003  -3.5590976709787519E-003
         301   3009.9998954652447       -2.0115451611168542E-003   1.5212028358476391E-003  -3.5327479969644933E-003
         302   3019.9998951179537       -2.0115293024334001E-003   1.4879172044127847E-003  -3.4994465068461846E-003
         303   3029.9998947706617       -2.0114835448149801E-003   1.4482319885525733E-003  -3.4597155333675536E-003
         304   3039.9998944233703       -2.0114039591736244E-003   1.4031487597371297E-003  -3.4145527189107538E-003
         305   3049.9998940760784       -2.0112906035743769E-003   1.3541868100600968E-003  -3.3654774136344734E-003
         306   3059.9998937287874       -2.0111495574474457E-003   1.3033657455678790E-003  -3.3145153030153247E-003
         307   3069.9998933814954       -2.0109940569747586E-003   1.2530988033430950E-003  -3.2640928603178535E-003
         308   3079.9998930342040       -2.0108438060081834E-003   1.2059833072074451E-003  -3.2168271132156285E-003
         309   3089.9998926869125       -2.0107218858026240E-003   1.1645011943506838E-003  -3.1752230801533081E-003
         310   3099.9998923396211       -2.0106495644255963E-003   1.1306761346445997E-003  -3.1413256990701962E-003
         311   3109.9998919923296       -2.0106404184115846E-003   1.1057620851462583E-003  -3.1164025035578429E-003
         312   3119.9998916450377       -2.0106958942421841E-003   1.0900462463174555E-003  -3.1007421405596395E-003
         313   3129.9998912977462       -2.0108041738456134E-003   1.0828281980532852E-003  -3.0936323718988986E-003
         314   3139.9998909504548       -2.0109429405574552E-003   1.0825905453511020E-003  -3.0935334859085572E-003
         315   3149.9998906031633       -2.0110850382684241E-003   1.0873219392269777E-003  -3.0984069774954016E-003
         316   3159.9998902558718       -2.0112049836998910E-003   1.0949124962376941E-003  -3.1061174799375852E-003
         317   3169.9998899085799       -2.0112843029833627E-003   1.1035286549165551E-003  -3.1148129578999180E-003
         318   3179.9998895612885       -2.0113144860864547E-003   1.1118898514345015E-003  -3.1232043375209561E-003
         319   3189.9998892139970       -2.0112973599848462E-003   1.1194024357170337E-003  -3.1306997957018801E-003
         320   3199.9998888667060       -2.0112433716038213E-003   1.1261432368290833E-003  -3.1373866084329046E-003
         321   3209.9998885194136       -2.0111685283498572E-003   1.1327160740206457E-003  -3.1438846023705029E-003
         322   3219.9998881721226       -2.0110907381435590E-003   1.1400249453987626E-003  -3.1511156835423216E-003
         323   3229.9998878248311       -2.0110262261165707E-003   1.1490170890362027E-003  -3.1600433151527736E-003
         324   3239.9998874775392       -2.0109866490826142E-003   1.1604483349085851E-003  -3.1714349839911996E-003
         325   3249.9998871302478       -2.0109774163204240E-003   1.1747131334409586E-003  -3.1856905497613824E-003
         326   3259.9998867829559       -2.0109974767053645E-003   1.1917642519408043E-003  -3.2027617286461687E-003
         327   3269.9998864356648       -2.0110404664624966E-003   1.2111260603740472E-003  -3.2221665268365438E-003
         328   3279.9998860883734       -2.0110967591018061E-003   1.2319857367826957E-003  -3.2430824958845019E-003
         329   3289.9998857410815       -2.0111557738976648E-003   1.2533335088776676E-003  -3.2644892827753324E-003
         330   3299.9998853937900       -2.0112079520665837E-003   1.2741188299465521E-003  -3.2853267820131355E-003
         331   3309.9998850464990       -2.0112460464963371E-003   1.2933935531101678E-003  -3.3046395996065049E-003
         332   3319.9998846992071       -2.0112656605779525E-003   1.3104225557925868E-003  -3.3216882163705393E-003
         333   3329.9998843519156       -2.0112651915651092E-003   1.3247528880145781E-003  -3.3360180795796875E-003
         334   3339.9998840046237       -2.0112454264839420E-003   1.3362412388124708E-003  -3.3474866652964128E-003
         335   3349.9998836573322       -2.0112090161727193E-003   1.3450448993151212E-003  -3.3562539154878405E-003
         336   3359.9998833100412       -2.0111599665765274E-003   1.3515836172565679E-003  -3.3627435838330952E-003
         337   3369.9998829627489       -2.0111031907720199E-003   1.3564798977090890E-003  -3.3675830884811087E-003
         338   3379.9998826154579       -2.0110440982476045E-003   1.3604847084948218E-003  -3.3715288067424263E-003
         339   3389.9998822681664       -2.0109881754825499E-003   1.3643951374875253E-003  -3.3753833129700752E-003
         340   3399.9998819208745       -2.0109405307207973E-003   1.3689706630245467E-003  -3.3799111937453442E-003
         341   3409.9998815735835       -2.0109054196523592E-003   1.3748551064246158E-003  -3.3857605260769752E-003
         342   3419.9998812262911       -2.0108858142494747E-003   1.3825114574346903E-003  -3.3933972716841650E-003
         343   3429.9998808790001       -2.0108831017094618E-003   1.3921759938321661E-003  -3.4030590955416279E-003
         344   3439.9998805317086       -2.0108969907317881E-003   1.4038361351330251E-003  -3.4147331258648130E-003
         345   3449.9998801844167       -2.0109256594415550E-003   1.4172334275454725E-003  -3.4281590869870275E-003
         346   3459.9998798371253       -2.0109661190668201E-003   1.4318895550610928E-003  -3.4428556741279131E-003
         347   3469.9998794898343       -2.0110147132808513E-003   1.4471501469812973E-003  -3.4581648602621485E-003
         348   3479.9998791425423       -2.0110676446933214E-003   1.4622391605225295E-003  -3.4733068052158508E-003
         349   3489.9998787952509       -2.0111214249658531E-003   1.4763161615914482E-003  -3.4874375865573013E-003
         350   3499.9998784479590       -2.0111731772355008E-003   1.4885298498847712E-003  -3.4997030271202720E-003
         351   3509.9998781006675       -2.0112207639868462E-003   1.4980632369490131E-003  -3.5092840009358591E-003
         352   3519.9998777533765       -2.0112627544801010E-003   1.5041683679673824E-003  -3.5154311224474834E-003
         353   3529.9998774060841       -2.0112982730839846E-003   1.5061907964805570E-003  -3.5174890695645416E-003
         354   3539.9998770587931       -2.0113267807567582E-003   1.5035857754579292E-003  -3.5149125562146874E-003
         355   3549.9998767115017       -2.0113478398364479E-003   1.4959291439244880E-003  -3.5072769837609361E-003
         356   3559.9998763642097       -2.0113609032957613E-003   1.4829261772613316E-003  -3.4942870805570931E-003
         357   3569.9998760169187       -2.0113651594013621E-003   1.4644213475776718E-003  -3.4757865069790341E-003
         358   3579.9998756696264       -2.0113594548827941E-003   1.4404111497466694E-003  -3.4517706046294635E-003
         359   3589.9998753223354       -2.0113423151742527E-003   1.4110610041694412E-003  -3.4224033193436939E-003
         360   3599.9998749750439       -2.0113120774563451E-003   1.3767258241029084E-003  -3.3880379015592535E-003
         361   3609.9998746277520       -2.0112671475235443E-003   1.3379721896490224E-003  -3.3492393371725667E-003
         362   3619.9998742804605       -2.0112063801703099E-003   1.2955982893557815E-003  -3.3068046695260912E-003
         363   3629.9998739331695       -2.0111295602503899E-003   1.2506460573775912E-003  -3.2617756176279811E-003
         364   3639.9998735858776       -2.0110379258557859E-003   1.2043985892239025E-003  -3.2154365150796884E-003
         365   3649.9998732385861       -2.0109346302649347E-003   1.1583554776320008E-003  -3.1692901078969357E-003
         366   3659.9998728912942       -2.0108249987747687E-003   1.1141797937669834E-003  -3.1250047925417521E-003
         367   3669.9998725440028       -2.0107164230277483E-003   1.0736135789523118E-003  -3.0843300019800604E-003
         368   3679.9998721967117       -2.0106177746145419E-003   1.0383640311961344E-003  -3.0489818058106765E-003
         369   3689.9998718494194       -2.0105383255495050E-003   1.0099694437868886E-003  -3.0205077693363936E-003
         370   3699.9998715021284       -2.0104863205433199E-003   9.8966084725281398E-004  -3.0001471677961336E-003
         371   3709.9998711548369       -2.0104675027829083E-003   9.7824002485756545E-004  -2.9887075276404736E-003
         372   3719.9998708075450       -2.0104839771585082E-003   9.7599498740636175E-004  -2.9864789645648697E-003
         373   3729.9998704602540       -2.0105337446890280E-003   9.8266904192176882E-004  -2.9932027866107968E-003
         374   3739.9998701129616       -2.0106110582682026E-003   9.9749002320490498E-004  -3.0081010814731073E-003
         375   3749.9998697656706       -2.0107075007161990E-003   1.0192546298924082E-003  -3.0299621306086075E-003
         376   3759.9998694183791       -2.0108134763674522E-003   1.0464525461428135E-003  -3.0572660225102657E-003
         377   3769.9998690710872       -2.0109197210501847E-003   1.0774090366600087E-003  -3.0883287577101932E-003
         378   3779.9998687237958       -2.0110184916484492E-003   1.1104242155338263E-003  -3.1214427071822753E-003
         379   3789.9998683765048       -2.0111042488433432E-003   1.1438915022281447E-003  -3.1549957510714878E-003
         380   3799.9998680292128       -2.0111738183079689E-003   1.1763848365280306E-003  -3.1875586548359997E-003
         381   3809.9998676819214       -2.0112261429068926E-003   1.2067116499510926E-003  -3.2179377928579851E-003
         382   3819.9998673346295       -2.0112617946444599E-003   1.2339345623401164E-003  -3.2451963569845761E-003
         383   3829.9998669873380       -2.0112824085270565E-003   1.2573684250876524E-003  -3.2686508336147086E-003
         384   3839.9998666400470       -2.0112901574684131E-003   1.2765606834145731E-003  -3.2878508408829862E-003
         385   3849.9998662927546       -2.0112873347755533E-003   1.2912626350722156E-003  -3.3025499698477690E-003
         386   3859.9998659454636       -2.0112760663886361E-003   1.3013977458365357E-003  -3.3126738122251720E-003
         387   3869.9998655981722       -2.0112581460016623E-003   1.3070313776576377E-003  -3.3182895236592998E-003
         388   3879.9998652508802       -2.0112349718930346E-003   1.3083445251060586E-003  -3.3195794969990934E-003
         389   3889.9998649035892       -2.0112075605326482E-003   1.3056126657790400E-003  -3.3168202263116884E-003
         390   3899.9998645562978       -2.0111766139696121E-003   1.2991896837300210E-003  -3.3103662976996331E-003
         391   3909.9998642090059       -2.0111426217599131E-003   1.2894960082130761E-003  -3.3006386299729890E-003
         392   3919.9998638617144       -2.0111059813321397E-003   1.2770095781185762E-003  -3.2881155594507161E-003
         393   3929.9998635144225       -2.0110671221620635E-003   1.2622579547494259E-003  -3.2733250769114894E-003
         394   3939.9998631671310       -2.0110266190200331E-003   1.2458098417551797E-003  -3.2568364607752126E-003
         395   3949.9998628198400       -2.0109852788157798E-003   1.2282644307318245E-003  -3.2392497095476043E-003
         396   3959.9998624725481       -2.0109441856879439E-003   1.2102373807920993E-003  -3.2211815664800430E-003
         397   3969.9998621252566       -2.0109046915837633E-003   1.1923428531523670E-003  -3.2032475447361305E-003
         398   3979.9998617779652       -2.0108683458047991E-003   1.1751718144915289E-003  -3.1860401602963281E-003
         399   3989.9998614306733       -2.0108367669202827E-003   1.1592677015672234E-003  -3.1701044684875061E-003
         400   3999.9998610833823       -2.0108114725925731E-003   1.1451013598907940E-003  -3.1559128324833668E-003
         401   4009.9998607360899       -2.0107936942548072E-003   1.1330477581749428E-003  -3.1438414524297500E-003
         402   4019.9998603887989       -2.0107842105444706E-003   1.1233671782321325E-003  -3.1341513887766033E-003
         403   4029.9998600415074       -2.0107832328740208E-003   1.1161932919941831E-003  -3.1269765248682036E-003
         404   4039.9998596942155       -2.0107903675100412E-003   1.1115297743291559E-003  -3.1223201418391971E-003
         405   4049.9998593469245       -2.0108046628581110E-003   1.1092559920748157E-003  -3.1200606549329269E-003
         406   4059.9998589996330       -2.0108247325604798E-003   1.1091410785624540E-003  -3.1199658111229337E-003
         407   4069.9998586523411       -2.0108489296732190E-003   1.1108646047339149E-003  -3.1217135344071339E-003
         408   4079.9998583050497       -2.0108755387312285E-003   1.1140413105094010E-003  -3.1249168492406298E-003
         409   4089.9998579577577       -2.0109029525766167E-003   1.1182470854021514E-003  -3.1291500379787679E-003
         410   4099.9998576104663       -2.0109298082460030E-003   1.1230435882473053E-003  -3.1339733964933082E-003
         411   4109.9998572631748       -2.0109550678239115E-003   1.1279994708809670E-003  -3.1389545387048787E-003
         412   4119.9998569158834       -2.0109780422529564E-003   1.1327069571181118E-003  -3.1436849993710680E-003
         413   4129.9998565685919       -2.0109983656902254E-003   1.1367933544399302E-003  -3.1477917201301556E-003
         414   4139.9998562213004       -2.0110159336300783E-003   1.1399278020126442E-003  -3.1509437356427228E-003
         415   4149.9998558740090       -2.0110308196781444E-003   1.1418241003056751E-003  -3.1528549199838192E-003
         416   4159.9998555267175       -2.0110431845760581E-003   1.1422407960218746E-003  -3.1532839805979329E-003
         417   4169.9998551794251       -2.0110531882569244E-003   1.1409798254892877E-003  -3.1520330137462119E-003
         418   4179.9998548321337       -2.0110609126660346E-003   1.1378849876351907E-003  -3.1489459003012253E-003
         419   4189.9998544848431       -2.0110663007227051E-003   1.1328413665458567E-003  -3.1439076672685616E-003
         420   4199.9998541375508       -2.0110691155561479E-003   1.1257765873769214E-003  -3.1368457029330695E-003
         421   4209.9998537902593       -2.0110689239955445E-003   1.1166644871352706E-003  -3.1277334111308149E-003
         422   4219.9998534429678       -2.0110651088216520E-003   1.1055314180013500E-003  -3.1165965268230020E-003
         423   4229.9998530956764       -2.0110569147654394E-003   1.0924649708739227E-003  -3.1035218856393623E-003
         424   4239.9998527483849       -2.0110435326904964E-003   1.0776244077008339E-003  -3.0886679403913306E-003
         425   4249.9998524010925       -2.0110242237227714E-003   1.0612515353626694E-003  -3.0722757590854405E-003
         426   4259.9998520538020       -2.0109984793365426E-003   1.0436801845993813E-003  -3.0546786639359239E-003
         427   4269.9998517065105       -2.0109662042055399E-003   1.0253419613336554E-003  -3.0363081655391953E-003
         428   4279.9998513592182       -2.0109278968180608E-003   1.0067656483321006E-003  -3.0176935451501617E-003
         429   4289.9998510119276       -2.0108847910262455E-003   9.8856771905889065E-004  -2.9994525100851361E-003
         430   4299.9998506646361       -2.0108389143034186E-003   9.7143204391556058E-004  -2.9822709582189790E-003
         431   4309.9998503173438       -2.0107930209765272E-003   9.5607811414268149E-004  -2.9668711351192086E-003
         432   4319.9998499700523       -2.0107503754676938E-003   9.4321892923902720E-004  -2.9539693047067211E-003
         433   4329.9998496227608       -2.0107143920286212E-003   9.3351183829880943E-004  -2.9442262303274306E-003
         434   4339.9998492754694       -2.0106881776387527E-003   9.2750764293846196E-004  -2.9381958205772149E-003
         435   4349.9998489281779       -2.0106740614136507E-003   9.2560459654877393E-004  -2.9362786579624246E-003
         436   4359.9998485808865       -2.0106732122259678E-003   9.2801406825968828E-004  -2.9386872804856561E-003
         437   4369.9998482335950       -2.0106854355519811E-003   9.3474333835571295E-004  -2.9454287739076939E-003
         438   4379.9998478863035       -2.0107092004810613E-003   9.4559841637070795E-004  -2.9563076168517693E-003
         439   4389.9998475390112       -2.0107418903118767E-003   9.6020648826278135E-004  -2.9709483785746579E-003
         440   4399.9998471917206       -2.0107802149641118E-003   9.7805440710274703E-004  -2.9888346220668586E-003
         441   4409.9998468444282       -2.0108206892571453E-003   9.9853731287755424E-004  -3.0093580021346993E-003
         442   4419.9998464971368       -2.0108600773291775E-003   1.0210104843282567E-003  -3.0318705616574344E-003
         443   4429.9998461498453       -2.0108957270681413E-003   1.0448379541578904E-003  -3.0557336812260319E-003
         444   4439.9998458025539       -2.0109257571405857E-003   1.0694329418540016E-003  -3.0803586989945875E-003
         445   4449.9998454552624       -2.0109490982838981E-003   1.0942872414234580E-003  -3.1052363397073564E-003
         446   4459.9998451079709       -2.0109654189242416E-003   1.1189887944691218E-003  -3.1299542133933632E-003
         447   4469.9998447606795       -2.0109749784603540E-003   1.1432283722649134E-003  -3.1542033507252674E-003
         448   4479.9998444133880       -2.0109784512401538E-003   1.1667973813092472E-003  -3.1777758325494013E-003
         449   4489.9998440660966       -2.0109767551953258E-003   1.1895792848401574E-003  -3.2005560400354834E-003
         450   4499.9998437188042       -2.0109709066477646E-003   1.2115371157313624E-003  -3.2225080223791270E-003
         451   4509.9998433715136       -2.0109619110308683E-003   1.2326992158238786E-003  -3.2436611268547469E-003
         452   4519.9998430242213       -2.0109506903676026E-003   1.2531448404508501E-003  -3.2640955308184528E-003
         453   4529.9998426769298       -2.0109380428817284E-003   1.2729907446353641E-003  -3.2839287875170925E-003
         454   4539.9998423296383       -2.0109246276407630E-003   1.2923794016116701E-003  -3.3033040292524333E-003
         455   4549.9998419823469       -2.0109109667689846E-003   1.3114691346898021E-003  -3.3223801014587869E-003
         456   4559.9998416350554       -2.0108974586397488E-003   1.3304261786874297E-003  -3.3413236373271782E-003
         457   4569.9998412877640       -2.0108843968591958E-003   1.3494185170938530E-003  -3.3603029139530490E-003
         458   4579.9998409404725       -2.0108719913277890E-003   1.3686112470685072E-003  -3.3794832383962962E-003
         459   4589.9998405931810       -2.0108603889626769E-003   1.3881631857552252E-003  -3.3990235747179023E-003
         460   4599.9998402458887       -2.0108496926836660E-003   1.4082244296933686E-003  -3.4190741223770345E-003
         461   4609.9998398985981       -2.0108399780022820E-003   1.4289345994868304E-003  -3.4397745774891126E-003
         462   4619.9998395513066       -2.0108313070463625E-003   1.4504215334517367E-003  -3.4612528404980992E-003
         463   4629.9998392040143       -2.0108237401575742E-003   1.4728002292811744E-003  -3.4836239694387488E-003
         464   4639.9998388567228       -2.0108173453709400E-003   1.4961718671550866E-003  -3.5069892125260266E-003
         465   4649.9998385094323       -2.0108122061691753E-003   1.5206227784787666E-003  -3.5314349846479421E-003
         466   4659.9998381621399       -2.0108084279345404E-003   1.5462232501789054E-003  -3.5570316781134456E-003
         467   4669.9998378148484       -2.0108061435196926E-003   1.5730260746882286E-003  -3.5838322182079213E-003
         468   4679.9998374675570       -2.0108055183399864E-003   1.6010647703824136E-003  -3.6118702887224003E-003
         469   4689.9998371202655       -2.0108067553582885E-003   1.6303514065811849E-003  -3.6411581619394734E-003
         470   4699.9998367729740       -2.0108101002898407E-003   1.6608739717988673E-003  -3.6716840720887080E-003
         471   4709.9998364256817       -2.0108158472937629E-003   1.6925932244619820E-003  -3.7034090717557450E-003
         472   4719.9998360783911       -2.0108243453314488E-003   1.7254389628282216E-003  -3.7362633081596702E-003
         473   4729.9998357310997       -2.0108360052484503E-003   1.7593056467801195E-003  -3.7701416520285699E-003
         474   4739.9998353838073       -2.0108513074602362E-003   1.7940473005480177E-003  -3.8048986080082541E-003
         475   4749.9998350365158       -2.0108708098742832E-003   1.8294716250603781E-003  -3.8403424349346613E-003
         476   4759.9998346892244       -2.0108951553370162E-003   1.8653332554171957E-003  -3.8762284107542117E-003
         477   4769.9998343419329       -2.0109250774232577E-003   1.9013261182351045E-003  -3.9122511956583622E-003
         478   4779.9998339946414       -2.0109614027498867E-003   1.9370748824442932E-003  -3.9480362851941802E-003
         479   4789.9998336473500       -2.0110050471451482E-003   1.9721255649785157E-003  -3.9831306121236639E-003
         480   4799.9998333000585       -2.0110570018797395E-003   2.0059354620795486E-003  -4.0169924639592881E-003
         481   4809.9998329527671       -2.0111183046866801E-003   2.0378627437008519E-003  -4.0489810483875319E-003
         482   4819.9998326054747       -2.0111899883630100E-003   2.0671562933750561E-003  -4.0783462817380661E-003
         483   4829.9998322581841       -2.0112729972273564E-003   2.0929467251956835E-003  -4.1042197224230399E-003
         484   4839.9998319108918       -2.0113680584533285E-003   2.1142399964733261E-003  -4.1256080549266546E-003
         485   4849.9998315636003       -2.0114754911982444E-003   2.1299157004900774E-003  -4.1413911916883218E-003
         486   4859.9998312163088       -2.0115949316411447E-003   2.1387330179622544E-003  -4.1503279496033990E-003
         487   4869.9998308690174       -2.0117249474919294E-003   2.1393484808745230E-003  -4.1510734283664525E-003
         488   4879.9998305217259       -2.0118625142778188E-003   2.1303511955023885E-003  -4.1422137097802073E-003
         489   4889.9998301744345       -2.0120023352478375E-003   2.1103229538205087E-003  -4.1223252890683461E-003
         490   4899.9998298271430       -2.0121360224779378E-003   2.0779325230354229E-003  -4.0900685455133607E-003
         491   4909.9998294798515       -2.0122512449897898E-003   2.0320747230386563E-003  -4.0443259680284461E-003
         492   4919.9998291325592       -2.0123311243119757E-003   1.9720642946757239E-003  -3.9843954189876995E-003
         493   4929.9998287852686       -2.0123544388539649E-003   1.8978894584088355E-003  -3.9102438972628004E-003
         494   4939.9998284379772       -2.0122975355732586E-003   1.8105165942154688E-003  -3.8228141297887274E-003
         495   4949.9998280906848       -2.0121390280675305E-003   1.7122114668105929E-003  -3.7243504948781237E-003
         496   4959.9998277433933       -2.0118679401450118E-003   1.6068026898579896E-003  -3.6186706300030012E-003
         497   4969.9998273961028       -2.0114943839316547E-003   1.4997676131098278E-003  -3.5112619970414827E-003
         498   4979.9998270488104       -2.0110590378007729E-003   1.3979931576154254E-003  -3.4090521954161985E-003
         499   4989.9998267015189       -2.0106348530572402E-003   1.3090927130829787E-003  -3.3197275661402191E-003
         500   4999.9998263542275       -2.0103144765701506E-003   1.2402789335439108E-003  -3.2505934101140616E-003
