 # step, time, energy, kin_ener, pot_ener
           0   0.0000000000000000       -4.6821489605756219E-004   0.0000000000000000       -4.6821489605756219E-004
           1   4.9999998263542276       -4.6862254542373653E-004   1.3251241722713381E-005  -4.8187378714644992E-004
           2   9.9999996527084551       -4.6947424921615644E-004   4.7287226564880521E-005  -5.1676147578103699E-004
           3   14.999999479062684       -4.7014591663213591E-004   8.9491267932629968E-005  -5.5963718456476590E-004
           4   19.999999305416910       -4.7038934653438277E-004   1.2860040156859051E-004  -5.9898974810297331E-004
           5   24.999999131771141       -4.7031570275763487E-004   1.5891095286850443E-004  -6.2922665562613930E-004
           6   29.999998958125367       -4.7011291209855328E-004   1.7955907064564220E-004  -6.4967198274419548E-004
           7   34.999998784479594       -4.6990187375001060E-004   1.9213304317472197E-004  -6.6203491692473258E-004
           8   39.999998610833821       -4.6973070898112225E-004   1.9885087460627416E-004  -6.6858158358739641E-004
           9   44.999998437188047       -4.6960716106208937E-004   2.0169376632373818E-004  -6.7130092738582753E-004
          10   49.999998263542281       -4.6952366297796800E-004   2.0215759968609322E-004  -6.7168126266406122E-004
          11   54.999998089896508       -4.6946961737967150E-004   2.0127676055940462E-004  -6.7074637793907614E-004
          12   59.999997916250734       -4.6943584195465712E-004   1.9972809015079827E-004  -6.6916393210545539E-004
          13   64.999997742604961       -4.6941552611650457E-004   1.9793581811354199E-004  -6.6735134423004654E-004
          14   69.999997568959188       -4.6940397166331726E-004   1.9615413804594258E-004  -6.6555810970925981E-004
          15   74.999997395313414       -4.6939806050148321E-004   1.9452584740174168E-004  -6.6392390790322490E-004
          16   79.999997221667641       -4.6939576849843758E-004   1.9312186930682258E-004  -6.6251763780526016E-004
          17   84.999997048021868       -4.6939579849604273E-004   1.9196712278349613E-004  -6.6136292127953885E-004
          18   89.999996874376095       -4.6939732413460607E-004   1.9105717953016654E-004  -6.6045450366477264E-004
          19   94.999996700730321       -4.6939981732506853E-004   1.9036891457499820E-004  -6.5976873190006673E-004
          20   99.999996527084562       -4.6940293377969718E-004   1.8986735239383563E-004  -6.5927028617353278E-004
          21   104.99999635343879       -4.6940643738175843E-004   1.8951018550663492E-004  -6.5891662288839338E-004
          22   109.99999617979302       -4.6941015034078677E-004   1.8925094719538321E-004  -6.5866109753616995E-004
          23   114.99999600614724       -4.6941392086649234E-004   1.8904148564268005E-004  -6.5845540650917242E-004
          24   119.99999583250147       -4.6941760352089414E-004   1.8883415564005293E-004  -6.5825175916094710E-004
          25   124.99999565885570       -4.6942104974099342E-004   1.8858397302128381E-004  -6.5800502276227722E-004
          26   129.99999548520992       -4.6942410746805184E-004   1.8825083646609267E-004  -6.5767494393414452E-004
          27   134.99999531156413       -4.6942662944569414E-004   1.8780179329657635E-004  -6.5722842274227049E-004
          28   139.99999513791838       -4.6942848951784383E-004   1.8721320364894090E-004  -6.5664169316678473E-004
          29   144.99999496427259       -4.6942960509808947E-004   1.8647254634294514E-004  -6.5590215144103461E-004
          30   149.99999479062683       -4.6942996193022888E-004   1.8557952828049409E-004  -6.5500949021072294E-004
          31   154.99999461698104       -4.6942963464830726E-004   1.8454613766980452E-004  -6.5397577231811181E-004
          32   159.99999444333528       -4.6942879430260907E-004   1.8339535663677408E-004  -6.5282415093938315E-004
          33   164.99999426968949       -4.6942769336193581E-004   1.8215845148793059E-004  -6.5158614484986637E-004
          34   169.99999409604374       -4.6942662151963605E-004   1.8087109293906046E-004  -6.5029771445869651E-004
          35   174.99999392239795       -4.6942583335074408E-004   1.7956897668360927E-004  -6.4899481003435336E-004
          36   179.99999374875219       -4.6942546130046602E-004   1.7828400062442999E-004  -6.4770946192489601E-004
          37   184.99999357510640       -4.6942544146564864E-004   1.7704223108791579E-004  -6.4646767255356445E-004
          38   189.99999340146064       -4.6942548857376590E-004   1.7586466588533355E-004  -6.4529015445909945E-004
          39   194.99999322781485       -4.6942515210716257E-004   1.7477106838664620E-004  -6.4419622049380874E-004
          40   199.99999305416912       -4.6942396177062729E-004   1.7378599016172299E-004  -6.4320995193235028E-004
          41   204.99999288052334       -4.6942162975609111E-004   1.7294487366230343E-004  -6.4236650341839454E-004
          42   209.99999270687758       -4.6941823417122292E-004   1.7229740459626526E-004  -6.4171563876748818E-004
          43   214.99999253323179       -4.6941428779601394E-004   1.7190564411320708E-004  -6.4131993190922102E-004
          44   219.99999235958603       -4.6941062342194153E-004   1.7183614728965798E-004  -6.4124677071159951E-004
          45   224.99999218594024       -4.6940810558970781E-004   1.7214784096134645E-004  -6.4155594655105426E-004
          46   229.99999201229448       -4.6940727710119271E-004   1.7287978459202985E-004  -6.4228706169322254E-004
          47   234.99999183864870       -4.6940810780700929E-004   1.7404374123048820E-004  -6.4345184903749750E-004
          48   239.99999166500294       -4.6940998336615376E-004   1.7562498281293359E-004  -6.4503496617908732E-004
          49   244.99999149135715       -4.6941195704262276E-004   1.7759139174745471E-004  -6.4700334879007749E-004
          50   249.99999131771139       -4.6941315269430128E-004   1.7990727063409991E-004  -6.4932042332840119E-004
          51   254.99999114406560       -4.6941313263652808E-004   1.8254616975930005E-004  -6.5195930239582813E-004
          52   259.99999097041984       -4.6941206903590091E-004   1.8549751555386551E-004  -6.5490958458976642E-004
          53   264.99999079677406       -4.6941065840632259E-004   1.8876455473853358E-004  -6.5817521314485614E-004
          54   269.99999062312827       -4.6940983552388023E-004   1.9235474245523130E-004  -6.6176457797911153E-004
          55   274.99999044948254       -4.6941041965901497E-004   1.9626656959389726E-004  -6.6567698925291225E-004
          56   279.99999027583675       -4.6941283563829445E-004   2.0047784853970913E-004  -6.6989068417800356E-004
          57   284.99999010219096       -4.6941700156477063E-004   2.0493949062788520E-004  -6.7435649219265586E-004
          58   289.99998992854518       -4.6942239540552000E-004   2.0957649687989544E-004  -6.7899889228541547E-004
          59   294.99998975489945       -4.6942824344635339E-004   2.1429534934690265E-004  -6.8372359279325601E-004
          60   299.99998958125366       -4.6943374267082480E-004   2.1899521048431581E-004  -6.8842895315514058E-004
          61   304.99998940760787       -4.6943824055645212E-004   2.2357977344616690E-004  -6.9301801400261905E-004
          62   309.99998923396208       -4.6944133275423499E-004   2.2796713267894501E-004  -6.9740846543318001E-004
          63   314.99998906031635       -4.6944287811973620E-004   2.3209616860884493E-004  -7.0153904672858112E-004
          64   319.99998888667056       -4.6944295544276514E-004   2.3592911810697245E-004  -7.0537207354973760E-004
          65   324.99998871302478       -4.6944179326530947E-004   2.3945086781330247E-004  -7.0889266107861191E-004
          66   329.99998853937899       -4.6943969858078067E-004   2.4266593817454452E-004  -7.1210563675532521E-004
          67   334.99998836573326       -4.6943699966886347E-004   2.4559418320419066E-004  -7.1503118287305413E-004
          68   339.99998819208747       -4.6943400857324261E-004   2.4826605540037897E-004  -7.1770006397362158E-004
          69   344.99998801844168       -4.6943100229125852E-004   2.5071801539459243E-004  -7.2014901768585095E-004
          70   349.99998784479590       -4.6942821871134269E-004   2.5298839791722900E-004  -7.2241661662857169E-004
          71   354.99998767115017       -4.6942586269154216E-004   2.5511382830440175E-004  -7.2453969099594390E-004
          72   359.99998749750438       -4.6942411825345008E-004   2.5712613068276907E-004  -7.2655024893621915E-004
          73   364.99998732385859       -4.6942316378326040E-004   2.5904957472939089E-004  -7.2847273851265129E-004
          74   369.99998715021280       -4.6942318784333519E-004   2.6089826091836311E-004  -7.3032144876169830E-004
          75   374.99998697656707       -4.6942440340872035E-004   2.6267343493833919E-004  -7.3209783834705955E-004
          76   379.99998680292128       -4.6942705787737836E-004   2.6436054777540050E-004  -7.3378760565277886E-004
          77   384.99998662927550       -4.6943143490880783E-004   2.6592594564811415E-004  -7.3535738055692198E-004
          78   389.99998645562971       -4.6943784186734489E-004   2.6731320213300991E-004  -7.3675104400035480E-004
          79   394.99998628198398       -4.6944657330872687E-004   2.6843932557073203E-004  -7.3788589887945890E-004
          80   399.99998610833825       -4.6945783685700730E-004   2.6919143390499554E-004  -7.3864927076200285E-004
          81   404.99998593469240       -4.6947162435798925E-004   2.6942503915376828E-004  -7.3889666351175754E-004
          82   409.99998576104667       -4.6948751214300681E-004   2.6896586063040648E-004  -7.3845337277341329E-004
          83   414.99998558740089       -4.6950438766098110E-004   2.6761804928281460E-004  -7.3712243694379570E-004
          84   419.99998541375516       -4.6952013930272280E-004   2.6518261841383504E-004  -7.3470275771655785E-004
          85   424.99998524010931       -4.6953142783164509E-004   2.6149011747659032E-004  -7.3102154530823541E-004
          86   429.99998506646358       -4.6953378269821294E-004   2.5644996409819750E-004  -7.2598374679641044E-004
          87   434.99998489281779       -4.6952238138189134E-004   2.5011368794108587E-004  -7.1963606932297722E-004
          88   439.99998471917206       -4.6949381631427364E-004   2.4273938415995987E-004  -7.1223320047423351E-004
          89   444.99998454552622       -4.6944868756636357E-004   2.3483137146269515E-004  -7.0428005902905871E-004
          90   449.99998437188049       -4.6939389454927328E-004   2.2711954050833543E-004  -6.9651343505760870E-004
          91   454.99998419823470       -4.6934258698779917E-004   2.2045007275455809E-004  -6.8979265974235726E-004
          92   459.99998402458897       -4.6931017537369855E-004   2.1559333086620339E-004  -6.8490350623990194E-004
          93   464.99998385094312       -4.6930740694252414E-004   2.1302705004534771E-004  -6.8233445698787185E-004
          94   469.99998367729739       -4.6933462622565181E-004   2.1278871827908874E-004  -6.8212334450474057E-004
          95   474.99998350365161       -4.6938143336253449E-004   2.1447265791204703E-004  -6.8385409127458155E-004
          96   479.99998333000588       -4.6943201327556423E-004   2.1737606321450026E-004  -6.8680807649006451E-004
          97   484.99998315636003       -4.6947221311482903E-004   2.2072354276258629E-004  -6.9019575587741535E-004
          98   489.99998298271430       -4.6949409286302043E-004   2.2387404591328540E-004  -6.9336813877630586E-004
          99   494.99998280906851       -4.6949661085451662E-004   2.2644425156338112E-004  -6.9594086241789776E-004
         100   499.99998263542278       -4.6948380146724211E-004   2.2833365988167431E-004  -6.9781746134891642E-004
         101   504.99998246177694       -4.6946233086308636E-004   2.2967324733925038E-004  -6.9913557820233674E-004
         102   509.99998228813121       -4.6943942253382828E-004   2.3073166641258909E-004  -7.0017108894641737E-004
         103   514.99998211448542       -4.6942127579500210E-004   2.3181011368512096E-004  -7.0123138948012303E-004
         104   519.99998194083969       -4.6941188769601526E-004   2.3315042033853216E-004  -7.0256230803454741E-004
         105   524.99998176719384       -4.6941239381046937E-004   2.3487439948559463E-004  -7.0428679329606397E-004
         106   529.99998159354811       -4.6942116228379971E-004   2.3696429113161249E-004  -7.0638545341541222E-004
         107   534.99998141990227       -4.6943466731810910E-004   2.3928320151184827E-004  -7.0871786882995740E-004
         108   539.99998124625654       -4.6944880289370033E-004   2.4162349152805334E-004  -7.1107229442175367E-004
         109   544.99998107261081       -4.6946010674398463E-004   2.4376478939021066E-004  -7.1322489613419532E-004
         110   549.99998089896508       -4.6946649124010668E-004   2.4552419408273345E-004  -7.1499068532284013E-004
         111   554.99998072531923       -4.6946738289228824E-004   2.4678776723198746E-004  -7.1625515012427570E-004
         112   559.99998055167350       -4.6946342595918095E-004   2.4752060395050331E-004  -7.1698402990968426E-004
         113   564.99998037802766       -4.6945599346961546E-004   2.4775911378779690E-004  -7.1721510725741237E-004
         114   569.99998020438193       -4.6944670317113324E-004   2.4759221321190450E-004  -7.1703891638303773E-004
         115   574.99998003073608       -4.6943704512160823E-004   2.4713836392888241E-004  -7.1657540905049064E-004
         116   579.99997985709035       -4.6942815390134499E-004   2.4652396617043788E-004  -7.1595212007178287E-004
         117   584.99997968344462       -4.6942071747907573E-004   2.4586658730631130E-004  -7.1528730478538703E-004
         118   589.99997950979889       -4.6941499637872858E-004   2.4526451539010887E-004  -7.1467951176883745E-004
         119   594.99997933615305       -4.6941091833325766E-004   2.4479249071567526E-004  -7.1420340904893292E-004
         120   599.99997916250732       -4.6940821007145707E-004   2.4450233448070703E-004  -7.1391054455216410E-004
         121   604.99997898886147       -4.6940653004671638E-004   2.4442661921462864E-004  -7.1383314926134502E-004
         122   609.99997881521574       -4.6940557477261302E-004   2.4458347870523483E-004  -7.1398905347784785E-004
         123   614.99997864156990       -4.6940514497852674E-004   2.4498100926130414E-004  -7.1438615423983088E-004
         124   619.99997846792417       -4.6940517168784758E-004   2.4562027778382594E-004  -7.1502544947167352E-004
         125   624.99997829427843       -4.6940571238952362E-004   2.4649652798127087E-004  -7.1590224037079448E-004
         126   629.99997812063270       -4.6940693169729463E-004   2.4759861842127005E-004  -7.1700555011856469E-004
         127   634.99997794698686       -4.6940907965390555E-004   2.4890697033213069E-004  -7.1831604998603624E-004
         128   639.99997777334113       -4.6941247594557982E-004   2.5039036238972941E-004  -7.1980283833530923E-004
         129   644.99997759969540       -4.6941750170942533E-004   2.5200185147445357E-004  -7.2141935318387890E-004
         130   649.99997742604955       -4.6942459361045753E-004   2.5367401664711702E-004  -7.2309861025757454E-004
         131   654.99997725240382       -4.6943422775684140E-004   2.5531372047652942E-004  -7.2474794823337082E-004
         132   659.99997707875798       -4.6944687351910497E-004   2.5679676100272725E-004  -7.2624363452183222E-004
         133   664.99997690511225       -4.6946288949938829E-004   2.5796325492412196E-004  -7.2742614442351024E-004
         134   669.99997673146652       -4.6948232820002425E-004   2.5861544874999215E-004  -7.2809777695001640E-004
         135   674.99997655782079       -4.6950462067981205E-004   2.5852094950630630E-004  -7.2802557018611836E-004
         136   679.99997638417494       -4.6952814662473539E-004   2.5742596535138074E-004  -7.2695411197611613E-004
         137   684.99997621052921       -4.6954979054574945E-004   2.5508444929167817E-004  -7.2463423983742763E-004
         138   689.99997603688337       -4.6956477198222479E-004   2.5130855757909683E-004  -7.2087332956132161E-004
         139   694.99997586323764       -4.6956729025951998E-004   2.4604089310031283E-004  -7.1560818335983281E-004
         140   699.99997568959179       -4.6955264349396474E-004   2.3943643456898850E-004  -7.0898907806295328E-004
         141   704.99997551594606       -4.6952100546736943E-004   2.3192136968862249E-004  -7.0144237515599192E-004
         142   709.99997534230033       -4.6948150178458741E-004   2.2417566029464550E-004  -6.9365716207923293E-004
         143   714.99997516865460       -4.6945308324672710E-004   2.1698796539104212E-004  -6.8644104863776925E-004
         144   719.99997499500876       -4.6945828815052782E-004   2.1098151691414748E-004  -6.8043980506467532E-004
         145   724.99997482136303       -4.6950999120718795E-004   2.0630647946068360E-004  -6.7581647066787152E-004
         146   729.99997464771718       -4.6959805807672810E-004   2.0248144451760590E-004  -6.7207950259433400E-004
         147   734.99997447407145       -4.6968570249517679E-004   1.9855844058744269E-004  -6.6824414308261945E-004
         148   739.99997430042561       -4.6972085700604997E-004   1.9364843122998202E-004  -6.6336928823603196E-004
         149   744.99997412677988       -4.6966137146491765E-004   1.8763326090354682E-004  -6.5729463236846445E-004
         150   749.99997395313414       -4.6950723255312821E-004   1.8169731208573264E-004  -6.5120454463886087E-004
         151   754.99997377948841       -4.6932115152387242E-004   1.7824080766930535E-004  -6.4756195919317774E-004
         152   759.99997360584257       -4.6920717428031871E-004   1.7994823123860878E-004  -6.4915540551892747E-004
         153   764.99997343219684       -4.6924174262669914E-004   1.8836106676661330E-004  -6.5760280939331243E-004
         154   769.99997325855099       -4.6941365092281490E-004   2.0286352872635782E-004  -6.7227717964917270E-004
         155   774.99997308490526       -4.6963793643465580E-004   2.2082792198828229E-004  -6.9046585842293812E-004
         156   779.99997291125942       -4.6982519245087424E-004   2.3875624693413841E-004  -7.0858143938501265E-004
         157   784.99997273761369       -4.6993187886798439E-004   2.5355303508197129E-004  -7.2348491394995569E-004
         158   789.99997256396796       -4.6996007464788705E-004   2.6323659795799873E-004  -7.3319667260588579E-004
         159   794.99997239032211       -4.6993168205217031E-004   2.6701621320534760E-004  -7.3694789525751792E-004
         160   799.99997221667650       -4.6986717496080708E-004   2.6504104775512113E-004  -7.3490822271592821E-004
         161   804.99997204303065       -4.6977815805414097E-004   2.5811689817300935E-004  -7.2789505622715032E-004
         162   809.99997186938481       -4.6966979190050842E-004   2.4751634860627756E-004  -7.1718614050678598E-004
         163   814.99997169573896       -4.6954708729057316E-004   2.3486637415859511E-004  -7.0441346144916824E-004
         164   819.99997152209335       -4.6942055480562940E-004   2.2203537047204777E-004  -6.9145592527767718E-004
         165   824.99997134844750       -4.6930789042106698E-004   2.1094729052123490E-004  -6.8025518094230188E-004
         166   829.99997117480177       -4.6922992723130735E-004   2.0330502563855132E-004  -6.7253495286985867E-004
         167   834.99997100115593       -4.6920226187977248E-004   2.0028209672129588E-004  -6.6948435860106836E-004
         168   839.99997082751031       -4.6922752225686022E-004   2.0229667304389208E-004  -6.7152419530075230E-004
         169   844.99997065386447       -4.6929369689305571E-004   2.0897046695450311E-004  -6.7826416384755882E-004
         170   849.99997048021862       -4.6937981479126920E-004   2.1929414272167354E-004  -6.8867395751294274E-004
         171   854.99997030657278       -4.6946498709112510E-004   2.3192362467130615E-004  -7.0138861176243124E-004
         172   859.99997013292716       -4.6953524934090354E-004   2.4548476980298999E-004  -7.1502001914389352E-004
         173   864.99996995928132       -4.6958544508756144E-004   2.5878922777925460E-004  -7.2837467286681603E-004
         174   869.99996978563559       -4.6961711813119848E-004   2.7092893689808020E-004  -7.4054605502927868E-004
         175   874.99996961198974       -4.6963501526307719E-004   2.8127256862258831E-004  -7.5090758388566550E-004
         176   879.99996943834412       -4.6964421292608894E-004   2.8941012411158617E-004  -7.5905433703767511E-004
         177   884.99996926469828       -4.6964854700105678E-004   2.9508663849207547E-004  -7.6473518549313225E-004
         178   889.99996909105244       -4.6965009828937171E-004   2.9814935758373004E-004  -7.6779945587310175E-004
         179   894.99996891740659       -4.6964922323651309E-004   2.9851789356546532E-004  -7.6816711680197840E-004
         180   899.99996874376097       -4.6964477101132821E-004   2.9617831291956984E-004  -7.6582308393089804E-004
         181   904.99996857011513       -4.6963439458243159E-004   2.9119845677719251E-004  -7.6083285135962410E-004
         182   909.99996839646940       -4.6961506951771867E-004   2.8375962557412968E-004  -7.5337469509184835E-004
         183   914.99996822282355       -4.6958400207550258E-004   2.7419629642994606E-004  -7.4378029850544864E-004
         184   919.99996804917794       -4.6953998839542572E-004   2.6302996019086634E-004  -7.3256994858629206E-004
         185   924.99996787553209       -4.6948495453926598E-004   2.5097734667922780E-004  -7.2046230121849378E-004
         186   929.99996770188625       -4.6942495824685933E-004   2.3891196477736069E-004  -7.0833692302422005E-004
         187   934.99996752824040       -4.6936969413016510E-004   2.2776685832823232E-004  -6.9713655245839739E-004
         188   939.99996735459479       -4.6932997016708880E-004   2.1838811365393056E-004  -6.8771808382101938E-004
         189   944.99996718094894       -4.6931382177096850E-004   2.1137619833851826E-004  -6.8069002010948674E-004
         190   949.99996700730321       -4.6932317258024361E-004   2.0696946725783807E-004  -6.7629263983808171E-004
         191   954.99996683365737       -4.6935302984973709E-004   2.0501554005564646E-004  -6.7436856990538358E-004
         192   959.99996666001175       -4.6939371817374494E-004   2.0504159642511756E-004  -6.7443531459886251E-004
         193   964.99996648636591       -4.6943474778566582E-004   2.0639340625790338E-004  -6.7582815404356920E-004
         194   969.99996631272006       -4.6946817292239934E-004   2.0838981260088866E-004  -6.7785798552328800E-004
         195   974.99996613907444       -4.6949009420711523E-004   2.1044471392237397E-004  -6.7993480812948920E-004
         196   979.99996596542860       -4.6950031349751698E-004   2.1213294704087855E-004  -6.8163326053839550E-004
         197   984.99996579178276       -4.6950098456575615E-004   2.1320225513562718E-004  -6.8270323970138331E-004
         198   989.99996561813703       -4.6949515135840633E-004   2.1354880173956231E-004  -6.8304395309796864E-004
         199   994.99996544449129       -4.6948568733966203E-004   2.1317670347851774E-004  -6.8266239081817980E-004
         200   999.99996527084556       -4.6947475731171990E-004   2.1215732832818764E-004  -6.8163208563990754E-004
         201   1004.9999650971997       -4.6946369840145319E-004   2.1059701424474539E-004  -6.8006071264619858E-004
         202   1009.9999649235539       -4.6945315055884506E-004   2.0861580031409955E-004  -6.7806895087294461E-004
         203   1014.9999647499083       -4.6944328759966668E-004   2.0633593834435405E-004  -6.7577922594402070E-004
         204   1019.9999645762624       -4.6943404890597239E-004   2.0387724628065528E-004  -6.7331129518662764E-004
         205   1024.9999644026166       -4.6942531909806968E-004   2.0135614941493903E-004  -6.7078146851300873E-004
         206   1029.9999642289708       -4.6941703779834455E-004   1.9888586994629549E-004  -6.6830290774464005E-004
         207   1034.9999640553251       -4.6940924314469443E-004   1.9657615925244116E-004  -6.6598540239713559E-004
         208   1039.9999638816794       -4.6940206381357265E-004   1.9453189171740368E-004  -6.6393395553097630E-004
         209   1044.9999637080334       -4.6939567857481250E-004   1.9285057616141865E-004  -6.6224625473623115E-004
         210   1049.9999635343877       -4.6939026265475616E-004   1.9161931580246114E-004  -6.6100957845721729E-004
         211   1054.9999633607420       -4.6938593794398144E-004   1.9091194853773451E-004  -6.6029788648171595E-004
         212   1059.9999631870962       -4.6938273986939737E-004   1.9078705499942197E-004  -6.6016979486881937E-004
         213   1064.9999630134505       -4.6938060791643793E-004   1.9128729202002931E-004  -6.6066789993646723E-004
         214   1069.9999628398045       -4.6937940023542436E-004   1.9244017723323294E-004  -6.6181957746865732E-004
         215   1074.9999626661590       -4.6937892699826553E-004   1.9426010986607509E-004  -6.6363903686434062E-004
         216   1079.9999624925131       -4.6937899370452633E-004   1.9675114550527707E-004  -6.6613013920980343E-004
         217   1084.9999623188673       -4.6937944524173380E-004   1.9990989885179431E-004  -6.6928934409352808E-004
         218   1089.9999621452216       -4.6938020383408344E-004   2.0372793556079228E-004  -6.7310813939487569E-004
         219   1094.9999619715759       -4.6938129783033911E-004   2.0819310128645556E-004  -6.7757439911679464E-004
         220   1099.9999617979302       -4.6938288209137007E-004   2.1328937060629313E-004  -6.8267225269766319E-004
         221   1104.9999616242842       -4.6938525338396605E-004   2.1899492743135366E-004  -6.8838018081531969E-004
         222   1109.9999614506385       -4.6938886509939853E-004   2.2527827453881552E-004  -6.9466713963821402E-004
         223   1114.9999612769927       -4.6939434465996733E-004   2.3209220049151888E-004  -7.0148654515148621E-004
         224   1119.9999611033470       -4.6940251406562671E-004   2.3936542262094614E-004  -7.0876793668657283E-004
         225   1124.9999609297010       -4.6941440866803450E-004   2.4699171998856850E-004  -7.1640612865660300E-004
         226   1129.9999607560553       -4.6943128016529762E-004   2.5481645279570267E-004  -7.2424773296100029E-004
         227   1134.9999605824096       -4.6945455480871303E-004   2.6262067228998467E-004  -7.3207522709869770E-004
         228   1139.9999604087639       -4.6948569436369616E-004   2.7010377905704126E-004  -7.3958947342073742E-004
         229   1144.9999602351181       -4.6952587491300878E-004   2.7686722009886852E-004  -7.4639309501187731E-004
         230   1149.9999600614722       -4.6957536510714419E-004   2.8240445633021888E-004  -7.5197982143736307E-004
         231   1154.9999598878267       -4.6963248179639287E-004   2.8610675109378927E-004  -7.5573923289018214E-004
         232   1159.9999597141807       -4.6969210374382420E-004   2.8730002243578895E-004  -7.5699212617961315E-004
         233   1164.9999595405350       -4.6974406992005544E-004   2.8533313557058289E-004  -7.5507720549063833E-004
         234   1169.9999593668892       -4.6977251079508047E-004   2.7973710344117848E-004  -7.4950961423625895E-004
         235   1174.9999591932435       -4.6975810790652115E-004   2.7045746300716249E-004  -7.4021557091368364E-004
         236   1179.9999590195978       -4.6968547042330482E-004   2.5811724476997115E-004  -7.2780271519327596E-004
         237   1184.9999588459518       -4.6955530031863289E-004   2.4419797060762230E-004  -7.1375327092625519E-004
         238   1189.9999586723061       -4.6939488667486036E-004   2.3097153718221582E-004  -7.0036642385707618E-004
         239   1194.9999584986604       -4.6925537403264488E-004   2.2105727804458609E-004  -6.9031265207723097E-004
         240   1199.9999583250146       -4.6919003579187578E-004   2.1666707315850516E-004  -6.8585710895038095E-004
         241   1204.9999581513687       -4.6922542149291726E-004   2.1884561541084865E-004  -6.8807103690376591E-004
         242   1209.9999579777229       -4.6934779815241314E-004   2.2709296937761252E-004  -6.9644076753002564E-004
         243   1214.9999578040772       -4.6951444429344316E-004   2.3955401857050343E-004  -7.0906846286394659E-004
         244   1219.9999576304315       -4.6967757794352355E-004   2.5363287815399310E-004  -7.2331045609751665E-004
         245   1224.9999574567858       -4.6980276155625508E-004   2.6670897753980100E-004  -7.3651173909605608E-004
         246   1229.9999572831398       -4.6987401012523719E-004   2.7668672622106549E-004  -7.4656073634630268E-004
         247   1234.9999571094943       -4.6988898534763634E-004   2.8228494346447429E-004  -7.5217392881211063E-004
         248   1239.9999569358483       -4.6985154858407804E-004   2.8311514677769185E-004  -7.5296669536176989E-004
         249   1244.9999567622026       -4.6976747600038906E-004   2.7964413524913726E-004  -7.4941161124952632E-004
         250   1249.9999565885569       -4.6964578522125302E-004   2.7309920151204539E-004  -7.4274498673329841E-004
         251   1254.9999564149111       -4.6950401635636660E-004   2.6530188806887496E-004  -7.3480590442524156E-004
         252   1259.9999562412654       -4.6937145328077750E-004   2.5836942794321748E-004  -7.2774088122399497E-004
         253   1264.9999560676195       -4.6928300106957707E-004   2.5425900193910714E-004  -7.2354200300868421E-004
         254   1269.9999558939737       -4.6926312376769903E-004   2.5425489255618780E-004  -7.2351801632388683E-004
         255   1274.9999557203280       -4.6931095428815009E-004   2.5861828655428096E-004  -7.2792924084243106E-004
         256   1279.9999555466823       -4.6940039109118995E-004   2.6659273081973813E-004  -7.3599312191092807E-004
         257   1284.9999553730363       -4.6949583558105569E-004   2.7676254076992505E-004  -7.4625837635098073E-004
         258   1289.9999551993908       -4.6957011610876962E-004   2.8755841682384794E-004  -7.5712853293261756E-004
         259   1294.9999550257448       -4.6961239402676234E-004   2.9766640337958427E-004  -7.6727879740634661E-004
         260   1299.9999548520991       -4.6962530285536930E-004   3.0621802411995883E-004  -7.7584332697532813E-004
         261   1304.9999546784534       -4.6961779592347353E-004   3.1278465287022103E-004  -7.8240244879369456E-004
         262   1309.9999545048076       -4.6959928438838151E-004   3.1726801029943052E-004  -7.8686729468781203E-004
         263   1314.9999543311619       -4.6957681354140620E-004   3.1977067351707852E-004  -7.8934748705848472E-004
         264   1319.9999541575160       -4.6955456463774033E-004   3.2049205831521536E-004  -7.9004662295295569E-004
         265   1324.9999539838702       -4.6953444060676886E-004   3.1966204066323148E-004  -7.8919648127000034E-004
         266   1329.9999538102245       -4.6951687466672930E-004   3.1750695232666805E-004  -7.8702382699339735E-004
         267   1334.9999536365788       -4.6950148178186136E-004   3.1423771342186150E-004  -7.8373919520372285E-004
         268   1339.9999534629330       -4.6948747653829915E-004   3.1005104230836676E-004  -7.7953851884666591E-004
         269   1344.9999532892871       -4.6947391299848084E-004   3.0513754011320126E-004  -7.7461145311168210E-004
         270   1349.9999531156416       -4.6945983525223129E-004   2.9969283827144721E-004  -7.6915267352367850E-004
         271   1354.9999529419956       -4.6944441703778838E-004   2.9392926670112100E-004  -7.6337368373890937E-004
         272   1359.9999527683499       -4.6942714019723058E-004   2.8808571193534346E-004  -7.5751285213257404E-004
         273   1364.9999525947039       -4.6940802040150843E-004   2.8243288033815263E-004  -7.5184090073966107E-004
         274   1369.9999524210584       -4.6938783516617795E-004   2.7727066015511512E-004  -7.4665849532129307E-004
         275   1374.9999522474125       -4.6936825399070841E-004   2.7291444342905126E-004  -7.4228269741975967E-004
         276   1379.9999520737667       -4.6935174253052758E-004   2.6966885845654780E-004  -7.3902060098707538E-004
         277   1384.9999519001210       -4.6934115209552684E-004   2.6779067437165098E-004  -7.3713182646717782E-004
         278   1389.9999517264753       -4.6933903106529773E-004   2.6744702471443024E-004  -7.3678605577972797E-004
         279   1394.9999515528295       -4.6934686260443405E-004   2.6867879415705414E-004  -7.3802565676148819E-004
         280   1399.9999513791836       -4.6936453627960737E-004   2.7137979879687308E-004  -7.4074433507648045E-004
         281   1404.9999512055379       -4.6939030017332042E-004   2.7529899648420916E-004  -7.4468929665752958E-004
         282   1409.9999510318921       -4.6942122158640599E-004   2.8006630219059903E-004  -7.4948752377700502E-004
         283   1414.9999508582464       -4.6945394149602203E-004   2.8523558783687797E-004  -7.5468952933290001E-004
         284   1419.9999506846007       -4.6948539769509122E-004   2.9033433948464195E-004  -7.5981973717973317E-004
         285   1424.9999505109547       -4.6951326685528414E-004   2.9490972593538493E-004  -7.6442299279066907E-004
         286   1429.9999503373092       -4.6953605981567352E-004   2.9856456156661203E-004  -7.6810062138228555E-004
         287   1434.9999501636632       -4.6955297537514505E-004   3.0098138354700879E-004  -7.7053435892215384E-004
         288   1439.9999499900175       -4.6956370060975212E-004   3.0193625692392429E-004  -7.7149995753367641E-004
         289   1444.9999498163716       -4.6956833242543425E-004   3.0130476793790973E-004  -7.7087310036334398E-004
         290   1449.9999496427261       -4.6956750947041150E-004   2.9906111458741328E-004  -7.6862862405782477E-004
         291   1454.9999494690801       -4.6956270795244724E-004   2.9526847803757725E-004  -7.6483118599002448E-004
         292   1459.9999492954344       -4.6955649526130374E-004   2.9005691075751413E-004  -7.5961340601881787E-004
         293   1464.9999491217886       -4.6955241258206761E-004   2.8358601709396638E-004  -7.5313842967603400E-004
         294   1469.9999489481429       -4.6955417550513377E-004   2.7599526249993733E-004  -7.4554943800507110E-004
         295   1474.9999487744972       -4.6956412083231530E-004   2.6735429877364626E-004  -7.3691841960596156E-004
         296   1479.9999486008512       -4.6958123834143529E-004   2.5763571108712894E-004  -7.2721694942856423E-004
         297   1484.9999484272055       -4.6959952155587771E-004   2.4673735254757731E-004  -7.1633687410345502E-004
         298   1489.9999482535598       -4.6960761873356165E-004   2.3457537682435313E-004  -7.0418299555791478E-004
         299   1494.9999480799140       -4.6959092962175233E-004   2.2124851616889778E-004  -6.9083944579065011E-004
         300   1499.9999479062683       -4.6953726424788742E-004   2.0723723440404406E-004  -6.7677449865193148E-004
         301   1504.9999477326223       -4.6944592568681673E-004   1.9355153578903204E-004  -6.6299746147584877E-004
         302   1509.9999475589768       -4.6933617878820922E-004   1.8170104887316375E-004  -6.5103722766137297E-004
         303   1514.9999473853309       -4.6924629249183884E-004   1.7338450788739979E-004  -6.4263080037923863E-004
         304   1519.9999472116851       -4.6921651646585603E-004   1.6993434247881785E-004  -6.3915085894467386E-004
         305   1524.9999470380392       -4.6926375345563223E-004   1.7175856993315689E-004  -6.4102232338878915E-004
         306   1529.9999468643937       -4.6936912253751678E-004   1.7811221228077401E-004  -6.4748133481829081E-004
         307   1534.9999466907477       -4.6949067872995660E-004   1.8735626711423770E-004  -6.5684694584419430E-004
         308   1539.9999465171020       -4.6958905422633487E-004   1.9754216054564694E-004  -6.6713121477198184E-004
         309   1544.9999463434563       -4.6964453152742111E-004   2.0698551266719889E-004  -6.7663004419461997E-004
         310   1549.9999461698105       -4.6965762348319721E-004   2.1458646635739141E-004  -6.8424408984058861E-004
         311   1554.9999459961648       -4.6964017403657260E-004   2.1986533657810089E-004  -6.8950551061467346E-004
         312   1559.9999458225188       -4.6960632755187393E-004   2.2282137470724673E-004  -6.9242770225912066E-004
         313   1564.9999456488731       -4.6956748230577854E-004   2.2373988322846322E-004  -6.9330736553424176E-004
         314   1569.9999454752274       -4.6953087853026445E-004   2.2302577766305191E-004  -6.9255665619331636E-004
         315   1574.9999453015816       -4.6950010719843424E-004   2.2109108423207992E-004  -6.9059119143051418E-004
         316   1579.9999451279359       -4.6947620723543517E-004   2.1829389906886969E-004  -6.8777010630430486E-004
         317   1584.9999449542900       -4.6945870654865803E-004   2.1491527027337230E-004  -6.8437397682203033E-004
         318   1589.9999447806442       -4.6944640845621676E-004   2.1115965463815582E-004  -6.8060606309437255E-004
         319   1594.9999446069985       -4.6943791631071801E-004   2.0716753451298763E-004  -6.7660545082370567E-004
         320   1599.9999444333530       -4.6943194390059568E-004   2.0303231501073298E-004  -6.7246425891132869E-004
         321   1604.9999442597068       -4.6942746556380476E-004   1.9881668143036807E-004  -6.6824414699417282E-004
         322   1609.9999440860613       -4.6942375556105486E-004   1.9456594870920324E-004  -6.6398970427025813E-004
         323   1614.9999439124156       -4.6942036006779948E-004   1.9031758998191615E-004  -6.5973795004971563E-004
         324   1619.9999437387696       -4.6941703710630292E-004   1.8610716319714915E-004  -6.5552420030345210E-004
         325   1624.9999435651239       -4.6941368985221584E-004   1.8197137280359142E-004  -6.5138506265580729E-004
         326   1629.9999433914779       -4.6941030856315145E-004   1.7794914588187139E-004  -6.4735945444502287E-004
         327   1634.9999432178324       -4.6940692774897916E-004   1.7408151298936423E-004  -6.4348844073834339E-004
         328   1639.9999430441867       -4.6940359919762838E-004   1.7041088768347308E-004  -6.3981448688110146E-004
         329   1644.9999428705407       -4.6940037813778825E-004   1.6698012379729981E-004  -6.3638050193508809E-004
         330   1649.9999426968950       -4.6939731856758028E-004   1.6383154706358022E-004  -6.3322886563116050E-004
         331   1654.9999425232495       -4.6939447383228562E-004   1.6100602848999096E-004  -6.3040050232227658E-004
         332   1659.9999423496035       -4.6939189924466993E-004   1.5854209228021747E-004  -6.2793399152488738E-004
         333   1664.9999421759578       -4.6938965448728470E-004   1.5647502204996076E-004  -6.2586467653724545E-004
         334   1669.9999420023119       -4.6938780449914372E-004   1.5483593250270963E-004  -6.2422373700185335E-004
         335   1674.9999418286661       -4.6938641843600028E-004   1.5365079583181966E-004  -6.2303721426781996E-004
         336   1679.9999416550206       -4.6938556705994902E-004   1.5293944004551670E-004  -6.2232500710546570E-004
         337   1684.9999414813744       -4.6938531951605555E-004   1.5271455904410840E-004  -6.2209987856016394E-004
         338   1689.9999413077289       -4.6938574082959299E-004   1.5298078296023770E-004  -6.2236652378983069E-004
         339   1694.9999411340832       -4.6938689153549075E-004   1.5373384675047028E-004  -6.2312073828596102E-004
         340   1699.9999409604372       -4.6938883056910205E-004   1.5495986447883246E-004  -6.2434869504793451E-004
         341   1704.9999407867917       -4.6939162186735497E-004   1.5663467064974532E-004  -6.2602629251710029E-004
         342   1709.9999406131456       -4.6939534404609755E-004   1.5872313862323780E-004  -6.2811848266933537E-004
         343   1714.9999404395001       -4.6940010105274671E-004   1.6117834570153486E-004  -6.3057844675428159E-004
         344   1719.9999402658543       -4.6940602988430408E-004   1.6394044646587377E-004  -6.3334647635017785E-004
         345   1724.9999400922084       -4.6941329939263266E-004   1.6693516653279623E-004  -6.3634846592542889E-004
         346   1729.9999399185626       -4.6942209207594435E-004   1.7007196725132411E-004  -6.3949405932726847E-004
         347   1734.9999397449171       -4.6943255908132950E-004   1.7324218646458706E-004  -6.4267474554591654E-004
         348   1739.9999395712712       -4.6944473854164826E-004   1.7631785074484575E-004  -6.4576258928649398E-004
         349   1744.9999393976254       -4.6945843105694900E-004   1.7915237315316835E-004  -6.4861080421011732E-004
         350   1749.9999392239795       -4.6947303737255913E-004   1.8158493016015565E-004  -6.5105796753271478E-004
         351   1754.9999390503338       -4.6948738721664513E-004   1.8345077059506610E-004  -6.5293815781171122E-004
         352   1759.9999388766882       -4.6949962881980581E-004   1.8459968612540462E-004  -6.5409931494521043E-004
         353   1764.9999387030421       -4.6950730131307717E-004   1.8492378603982793E-004  -6.5443108735290510E-004
         354   1769.9999385293966       -4.6950775018453399E-004   1.8439287289568669E-004  -6.5390062308022068E-004
         355   1774.9999383557508       -4.6949900699648668E-004   1.8309072624094323E-004  -6.5258973323742994E-004
         356   1779.9999381821049       -4.6948105449955884E-004   1.8123927932579042E-004  -6.5072033382534923E-004
         357   1784.9999380084594       -4.6945701272410985E-004   1.7919305642050365E-004  -6.4865006914461350E-004
         358   1789.9999378348132       -4.6943339129295475E-004   1.7738858469271897E-004  -6.4682197598567369E-004
         359   1794.9999376611677       -4.6941859492099353E-004   1.7624747286473712E-004  -6.4566606778573062E-004
         360   1799.9999374875219       -4.6941971944410341E-004   1.7605583773849868E-004  -6.4547555718260210E-004
         361   1804.9999373138760       -4.6943902310001055E-004   1.7686482545130675E-004  -6.4630384855131730E-004
         362   1809.9999371402303       -4.6947216034657529E-004   1.7845988686125201E-004  -6.4793204720782732E-004
         363   1814.9999369665848       -4.6950940472924795E-004   1.8042208664177661E-004  -6.4993149137102457E-004
         364   1819.9999367929388       -4.6953923052189068E-004   1.8226452512155473E-004  -6.5180375564344545E-004
         365   1824.9999366192931       -4.6955238636103472E-004   1.8359464293204786E-004  -6.5314702929308258E-004
         366   1829.9999364456471       -4.6954480812555510E-004   1.8424520933931239E-004  -6.5379001746486746E-004
         367   1834.9999362720014       -4.6951868435388870E-004   1.8433179419698688E-004  -6.5385047855087556E-004
         368   1839.9999360983559       -4.6948165800347376E-004   1.8422070606517217E-004  -6.5370236406864593E-004
         369   1844.9999359247097       -4.6944437451543251E-004   1.8441902660962361E-004  -6.5386340112505610E-004
         370   1849.9999357510642       -4.6941692940677805E-004   1.8542255348432760E-004  -6.5483948289110562E-004
         371   1854.9999355774185       -4.6940543157988760E-004   1.8757240106521760E-004  -6.5697783264510520E-004
         372   1859.9999354037725       -4.6941023492920713E-004   1.9096834669781522E-004  -6.6037858162702235E-004
         373   1864.9999352301270       -4.6942667900492705E-004   1.9546356737861490E-004  -6.6489024638354194E-004
         374   1869.9999350564808       -4.6944772728059188E-004   2.0073115996242544E-004  -6.7017888724301734E-004
         375   1874.9999348828353       -4.6946689598957971E-004   2.0636660408287331E-004  -6.7583350007245299E-004
         376   1879.9999347091896       -4.6948008304918508E-004   2.1198520433085626E-004  -6.8146528738004134E-004
         377   1884.9999345355436       -4.6948590873848307E-004   2.1728742978160780E-004  -6.8677333852009087E-004
         378   1889.9999343618979       -4.6948503561682010E-004   2.2208530208835074E-004  -6.9157033770517087E-004
         379   1894.9999341882524       -4.6947917491719040E-004   2.2629788431947085E-004  -6.9577705923666122E-004
         380   1899.9999340146064       -4.6947026736443760E-004   2.2992942421131516E-004  -6.9939969157575279E-004
         381   1904.9999338409607       -4.6946000530831921E-004   2.3304211610928347E-004  -7.0250212141760267E-004
         382   1909.9999336673147       -4.6944965343540532E-004   2.3573099325683084E-004  -7.0518064669223613E-004
         383   1914.9999334936690       -4.6944005472537078E-004   2.3810421156063316E-004  -7.0754426628600394E-004
         384   1919.9999333200235       -4.6943172034560269E-004   2.4026915980543623E-004  -7.0970088015103892E-004
         385   1924.9999331463773       -4.6942494001726994E-004   2.4232342430799189E-004  -7.1174836432526180E-004
         386   1929.9999329727318       -4.6941988288644510E-004   2.4434918392216741E-004  -7.1376906680861252E-004
         387   1934.9999327990861       -4.6941667963790699E-004   2.4640964943832436E-004  -7.1582632907623135E-004
         388   1939.9999326254401       -4.6941548622588957E-004   2.4854638140349818E-004  -7.1796186762938775E-004
         389   1944.9999324517946       -4.6941653235982501E-004   2.5077656741707597E-004  -7.2019309977690098E-004
         390   1949.9999322781489       -4.6942015721933950E-004   2.5308956146676752E-004  -7.2250971868610702E-004
         391   1954.9999321045029       -4.6942683277653344E-004   2.5544218589205542E-004  -7.2486901866858887E-004
         392   1959.9999319308572       -4.6943717225848196E-004   2.5775249842282329E-004  -7.2718967068130524E-004
         393   1964.9999317572112       -4.6945191721915448E-004   2.5989197432432738E-004  -7.2934389154348186E-004
         394   1969.9999315835655       -4.6947188977089092E-004   2.6167640941288973E-004  -7.3114829918378066E-004
         395   1974.9999314099200       -4.6949788400902086E-004   2.6285641862959562E-004  -7.3235430263861648E-004
         396   1979.9999312362741       -4.6953044961143002E-004   2.6310936961882316E-004  -7.3263981923025318E-004
         397   1984.9999310626283       -4.6956949137418855E-004   2.6203624167818847E-004  -7.3160573305237702E-004
         398   1989.9999308889826       -4.6961358413123857E-004   2.5916960181106172E-004  -7.2878318594230029E-004
         399   1994.9999307153366       -4.6965892838385392E-004   2.5400283665120461E-004  -7.2366176503505853E-004
         400   1999.9999305416911       -4.6969805258102309E-004   2.4605527184925498E-004  -7.1575332443027807E-004
         401   2004.9999303680449       -4.6971886592600445E-004   2.3498974364107253E-004  -7.0470860956707701E-004
         402   2009.9999301943994       -4.6970555337564967E-004   2.2079106503516234E-004  -6.9049661841081200E-004
         403   2014.9999300207537       -4.6964358442292710E-004   2.0398392708130317E-004  -6.7362751150423024E-004
         404   2019.9999298471078       -4.6953005677447034E-004   1.8581014665684318E-004  -6.5534020343131349E-004
         405   2024.9999296734622       -4.6938545929798496E-004   1.6821951906163541E-004  -6.3760497835962037E-004
         406   2029.9999294998165       -4.6925542408138082E-004   1.5352862834947098E-004  -6.2278405243085179E-004
         407   2034.9999293261706       -4.6919167801121064E-004   1.4375364250323848E-004  -6.1294532051444912E-004
         408   2039.9999291525248       -4.6921967223680842E-004   1.3989150666774501E-004  -6.0911117890455346E-004
         409   2044.9999289788789       -4.6932055055321349E-004   1.4157253915013450E-004  -6.1089308970334799E-004
         410   2049.9999288052331       -4.6944565965310918E-004   1.4731257957286840E-004  -6.1675823922597759E-004
         411   2054.9999286315874       -4.6954864764658504E-004   1.5518297980096732E-004  -6.2473162744755236E-004
         412   2059.9999284579417       -4.6960671220031263E-004   1.6348210377370646E-004  -6.3308881597401911E-004
         413   2064.9999282842959       -4.6962078142291939E-004   1.7110704718735096E-004  -6.4072782861027036E-004
         414   2069.9999281106502       -4.6960425383853525E-004   1.7759211552656427E-004  -6.4719636936509954E-004
         415   2074.9999279370045       -4.6957230495221314E-004   1.8294969423834670E-004  -6.5252199919055981E-004
         416   2079.9999277633588       -4.6953648026281514E-004   1.8746218140545549E-004  -6.5699866166827063E-004
         417   2084.9999275897126       -4.6950366018275142E-004   1.9151057181357722E-004  -6.6101423199632864E-004
         418   2089.9999274160668       -4.6947706519911899E-004   1.9546397276653621E-004  -6.6494103796565520E-004
         419   2094.9999272424216       -4.6945766475345720E-004   1.9962163591848107E-004  -6.6907930067193824E-004
         420   2099.9999270687754       -4.6944529172678734E-004   2.0418982172446722E-004  -6.7363511345125459E-004
         421   2104.9999268951296       -4.6943931854130086E-004   2.0927796548958355E-004  -6.7871728403088444E-004
         422   2109.9999267214839       -4.6943895313110375E-004   2.1490405801868862E-004  -6.8434301114979237E-004
         423   2114.9999265478382       -4.6944326032092340E-004   2.2100441053204183E-004  -6.9044767085296526E-004
         424   2119.9999263741925       -4.6945104828071348E-004   2.2744690130628274E-004  -6.9689794958699620E-004
         425   2124.9999262005463       -4.6946079216943849E-004   2.3404875037066729E-004  -7.0350954254010578E-004
         426   2129.9999260269010       -4.6947073119641845E-004   2.4059943603967830E-004  -7.1007016723609675E-004
         427   2134.9999258532553       -4.6947915170193874E-004   2.4688710126578688E-004  -7.1636625296772562E-004
         428   2139.9999256796091       -4.6948473672273305E-004   2.5272434922322858E-004  -7.2220908594596163E-004
         429   2144.9999255059638       -4.6948682002584982E-004   2.5796844208420206E-004  -7.2745526211005188E-004
         430   2149.9999253323181       -4.6948544739943516E-004   2.6253219951621301E-004  -7.3201764691564817E-004
         431   2154.9999251586719       -4.6948125426720012E-004   2.6638454401361897E-004  -7.3586579828081910E-004
         432   2159.9999249850262       -4.6947524101718685E-004   2.6954225376948161E-004  -7.3901749478666847E-004
         433   2164.9999248113804       -4.6946853817555806E-004   2.7205603862469157E-004  -7.4152457680024962E-004
         434   2169.9999246377347       -4.6946222150356698E-004   2.7399433298657593E-004  -7.4345655449014291E-004
         435   2174.9999244640890       -4.6945719485151443E-004   2.7542759153620843E-004  -7.4488478638772286E-004
         436   2179.9999242904432       -4.6945412774696568E-004   2.7641495302422236E-004  -7.4586908077118805E-004
         437   2184.9999241167975       -4.6945342099022840E-004   2.7699435156044728E-004  -7.4644777255067568E-004
         438   2189.9999239431518       -4.6945517373241482E-004   2.7717671907947318E-004  -7.4663189281188799E-004
         439   2194.9999237695056       -4.6945913513275994E-004   2.7694484865222569E-004  -7.4640398378498563E-004
         440   2199.9999235958603       -4.6946464103329649E-004   2.7625763988619592E-004  -7.4572228091949241E-004
         441   2204.9999234222141       -4.6947056216769129E-004   2.7506056735171150E-004  -7.4453112951940279E-004
         442   2209.9999232485684       -4.6947532514138708E-004   2.7330291815843086E-004  -7.4277824329981794E-004
         443   2214.9999230749227       -4.6947710176904831E-004   2.7096115000739844E-004  -7.4043825177644675E-004
         444   2219.9999229012769       -4.6947426825249714E-004   2.6806519643477605E-004  -7.3753946468727320E-004
         445   2224.9999227276312       -4.6946616298548278E-004   2.6472073751400530E-004  -7.3418690049948808E-004
         446   2229.9999225539855       -4.6945397408712345E-004   2.6111655694422363E-004  -7.3057053103134709E-004
         447   2234.9999223803397       -4.6944129601658957E-004   2.5750496478244136E-004  -7.2694626079903093E-004
         448   2239.9999222066940       -4.6943370268055524E-004   2.5414870339210719E-004  -7.2358240607266243E-004
         449   2244.9999220330483       -4.6943690987259420E-004   2.5124180491438810E-004  -7.2067871478698230E-004
         450   2249.9999218594021       -4.6945388944030460E-004   2.4883080007516033E-004  -7.1828468951546493E-004
         451   2254.9999216857568       -4.6948226363722128E-004   2.4677573134275916E-004  -7.1625799497998044E-004
         452   2259.9999215121106       -4.6951364876337165E-004   2.4478528250785518E-004  -7.1429893127122684E-004
         453   2264.9999213384649       -4.6953588737598648E-004   2.4253311832254267E-004  -7.1206900569852918E-004
         454   2269.9999211648192       -4.6953775168393408E-004   2.3982303640787629E-004  -7.0936078809181037E-004
         455   2274.9999209911734       -4.6951448309334395E-004   2.3673704123398028E-004  -7.0625152432732426E-004
         456   2279.9999208175277       -4.6947171905470180E-004   2.3369035596060362E-004  -7.0316207501530540E-004
         457   2284.9999206438820       -4.6942511766328806E-004   2.3134230109074223E-004  -7.0076741875403029E-004
         458   2289.9999204702362       -4.6939431053729866E-004   2.3037293587416864E-004  -6.9976724641146730E-004
         459   2294.9999202965905       -4.6939339602806095E-004   2.3121090419676228E-004  -7.0060430022482326E-004
         460   2299.9999201229443       -4.6942375225060811E-004   2.3384034319233799E-004  -7.0326409544294608E-004
         461   2304.9999199492991       -4.6947416854117526E-004   2.3778173021538055E-004  -7.0725589875655578E-004
         462   2309.9999197756533       -4.6952770286084528E-004   2.4224604984737530E-004  -7.1177375270822059E-004
         463   2314.9999196020071       -4.6956979639376488E-004   2.4637320747953755E-004  -7.1594300387330242E-004
         464   2319.9999194283614       -4.6959268786435094E-004   2.4944525208286478E-004  -7.1903793994721572E-004
         465   2324.9999192547161       -4.6959526920691805E-004   2.5100971022970199E-004  -7.2060497943662004E-004
         466   2329.9999190810699       -4.6958057280804317E-004   2.5090875343399666E-004  -7.2048932624203983E-004
         467   2334.9999189074242       -4.6955328962049018E-004   2.4924501326470362E-004  -7.1879830288519380E-004
         468   2339.9999187337785       -4.6951839251354617E-004   2.4631812634470226E-004  -7.1583651885824843E-004
         469   2344.9999185601328       -4.6948072705523181E-004   2.4255301838942053E-004  -7.1203374544465234E-004
         470   2349.9999183864870       -4.6944493929341802E-004   2.3842796027362287E-004  -7.0787289956704088E-004
         471   2354.9999182128408       -4.6941521029883102E-004   2.3440519024444103E-004  -7.0382040054327202E-004
         472   2359.9999180391956       -4.6939465743682605E-004   2.3086872740209395E-004  -7.0026338483891997E-004
         473   2364.9999178655498       -4.6938465977676143E-004   2.2807788887579107E-004  -6.9746254865255247E-004
         474   2369.9999176919036       -4.6938453461285387E-004   2.2614569113835203E-004  -6.9553022575120590E-004
         475   2374.9999175182579       -4.6939183477015512E-004   2.2504648436661099E-004  -6.9443831913676608E-004
         476   2379.9999173446122       -4.6940317946297168E-004   2.2464881920461366E-004  -6.9405199866758537E-004
         477   2384.9999171709665       -4.6941524638940187E-004   2.2476227201959903E-004  -6.9417751840900087E-004
         478   2389.9999169973207       -4.6942552708609318E-004   2.2518452644341218E-004  -6.9461005352950539E-004
         479   2394.9999168236750       -4.6943264495438849E-004   2.2573792854792363E-004  -6.9517057350231210E-004
         480   2399.9999166500293       -4.6943627555962074E-004   2.2629055469227882E-004  -6.9572683025189959E-004
         481   2404.9999164763835       -4.6943684428532432E-004   2.2676237521817999E-004  -6.9619921950350434E-004
         482   2409.9999163027373       -4.6943518039778171E-004   2.2712041477321540E-004  -6.9655559517099708E-004
         483   2414.9999161290921       -4.6943223667747215E-004   2.2736767868033206E-004  -6.9679991535780421E-004
         484   2419.9999159554459       -4.6942890707805625E-004   2.2752988237216174E-004  -6.9695878945021800E-004
         485   2424.9999157818002       -4.6942592673933619E-004   2.2764272220350296E-004  -6.9706864894283915E-004
         486   2429.9999156081544       -4.6942382286579255E-004   2.2774126062946116E-004  -6.9716508349525370E-004
         487   2434.9999154345087       -4.6942289018665176E-004   2.2785223245278159E-004  -6.9727512263943335E-004
         488   2439.9999152608630       -4.6942317814427966E-004   2.2798967298754371E-004  -6.9741285113182334E-004
         489   2444.9999150872172       -4.6942449002315608E-004   2.2815405267136195E-004  -6.9757854269451804E-004
         490   2449.9999149135715       -4.6942640296573728E-004   2.2833489716385543E-004  -6.9776130012959270E-004
         491   2454.9999147399258       -4.6942832126675775E-004   2.2851655313944327E-004  -6.9794487440620102E-004
         492   2459.9999145662796       -4.6942957358002082E-004   2.2868627766720956E-004  -6.9811585124723039E-004
         493   2464.9999143926343       -4.6942955730469869E-004   2.2884321011673749E-004  -6.9827276742143618E-004
         494   2469.9999142189886       -4.6942791923825812E-004   2.2900614066948845E-004  -6.9843405990774657E-004
         495   2474.9999140453424       -4.6942474038972010E-004   2.2921752649113743E-004  -6.9864226688085755E-004
         496   2479.9999138716967       -4.6942066922695620E-004   2.2954122361009170E-004  -6.9896189283704790E-004
         497   2484.9999136980514       -4.6941693411569105E-004   2.3005221299720035E-004  -6.9946914711289140E-004
         498   2489.9999135244052       -4.6941518014481166E-004   2.3081835457096705E-004  -7.0023353471577868E-004
         499   2494.9999133507595       -4.6941712890412465E-004   2.3187666017791296E-004  -7.0129378908203764E-004
         500   2499.9999131771137       -4.6942413942449872E-004   2.3320897973746566E-004  -7.0263311916196440E-004
